0.00  0.00  0.432808979
0.00  0.05  0.4083595407
0.00  0.10  0.3975641326
0.00  0.15  0.3898884168
0.00  0.20  0.3894915954
0.00  0.25  0.3947711617
0.00  0.30  0.3998655694
0.00  0.35  0.4074927175
0.00  0.40  0.4188078363
0.00  0.45  0.4348782605
0.00  0.50  0.4529802725
0.05  0.00  0.4216071833
0.05  0.05  0.4047959758
0.05  0.10  0.3944570038
0.05  0.15  0.3896456867
0.05  0.20  0.3926114857
0.05  0.25  0.396040382
0.05  0.30  0.4026956817
0.05  0.35  0.4117893123
0.05  0.40  0.4273841318
0.05  0.45  0.4424775021
0.05  0.50  0.4612329466
0.10  0.00  0.4177185165
0.10  0.05  0.4016800499
0.10  0.10  0.3940691809
0.10  0.15  0.3922894171
0.10  0.20  0.3932275038
0.10  0.25  0.3978094077
0.10  0.30  0.4052695829
0.10  0.35  0.4168690481
0.10  0.40  0.4352387247
0.10  0.45  0.45036068
0.10  0.50  0.4657353874
0.15  0.00  0.4135288592
0.15  0.05  0.4016586533
0.15  0.10  0.3969158627
0.15  0.15  0.3933397029
0.15  0.20  0.395161032
0.15  0.25  0.400112587
0.15  0.30  0.4127578279
0.15  0.35  0.4264784606
0.15  0.40  0.441421444
0.15  0.45  0.4553736708
0.15  0.50  0.4710202318
0.20  0.00  0.4155052955
0.20  0.05  0.4063118044
0.20  0.10  0.4008040106
0.20  0.15  0.398274274
0.20  0.20  0.4002390794
0.20  0.25  0.4101143352
0.20  0.30  0.4244001133
0.20  0.35  0.436807163
0.20  0.40  0.4502787938
0.20  0.45  0.465109332
0.20  0.50  0.475409772
0.25  0.00  0.4201556552
0.25  0.05  0.4097855428
0.25  0.10  0.4048577208
0.25  0.15  0.4030316014
0.25  0.20  0.4097170398
0.25  0.25  0.4202269009
0.25  0.30  0.4333426156
0.25  0.35  0.4448326527
0.25  0.40  0.4590881289
0.25  0.45  0.4688306249
0.25  0.50  0.4823497773
0.30  0.00  0.4823497773
0.30  0.05  0.412624446
0.30  0.10  0.4091701853
0.30  0.15  0.4115293897
0.30  0.20  0.4181242211
0.30  0.25  0.4281110749
0.30  0.30  0.4388228963
0.30  0.35  0.4503267695
0.30  0.40  0.4600907451
0.30  0.45  0.4730519344
0.30  0.50  0.4860009741
0.35  0.00  0.4245216781
0.35  0.05  0.4153140356
0.35  0.10  0.415067838
0.35  0.15  0.41657712
0.35  0.20  0.4229638214
0.35  0.25  0.4291462137
0.35  0.30  0.4398397291
0.35  0.35  0.446767315
0.35  0.40  0.4598636709
0.35  0.45  0.4716768002
0.35  0.50  0.4822469254
0.40  0.00  0.4257164001
0.40  0.05  0.4196208005
0.40  0.10  0.4181354603
0.40  0.15  0.418735788
0.40  0.20  0.4219664772
0.40  0.25  0.4277168834
0.40  0.30  0.4342833789
0.40  0.35  0.4438153372
0.40  0.40  0.4550926718
0.40  0.45  0.4645221566
0.40  0.50  0.473545133
0.45  0.00  0.4299007177
0.45  0.05  0.4221070035
0.45  0.10  0.4200441013
0.45  0.15  0.4170886051
0.45  0.20  0.4193427089
0.45  0.25  0.4210813634
0.45  0.30  0.4303598326
0.45  0.35  0.4377743745
0.45  0.40  0.4469015441
0.45  0.45  0.4547995282
0.45  0.50  0.4619201424
0.50  0.00  0.4324958266
0.50  0.05  0.4238764937
0.50  0.10  0.418199334
0.50  0.15  0.4155626898
0.50  0.20  0.414139186
0.50  0.25  0.4187933613
0.50  0.30  0.425807206
0.50  0.35  0.4311100575
0.50  0.40  0.4389168273
0.50  0.45  0.4444459194
0.50  0.50  0.4475734808