0.00  0.00  0.7480886679
0.00  0.01  0.3294992378
0.00  0.02  0.3262723473
0.00  0.03  0.3262688542
0.00  0.04  0.3253216305
0.00  0.05  0.3254474854
0.00  0.06  0.326107068
0.00  0.07  0.3294623425
0.00  0.08  0.3333768728
0.00  0.09  0.3406391569
0.00  0.10  0.3491197773
0.00  0.11  0.355954363
0.00  0.12  0.3692658925
0.00  0.13  0.3834760927
0.00  0.14  0.399611885
0.00  0.15  0.4195013088
0.00  0.16  0.436583718
0.00  0.17  0.4579668201
0.00  0.18  0.4792066486
0.00  0.19  0.5081202194
0.00  0.20  0.53180949
0.00  0.21  0.5541547396
0.00  0.22  0.5755960084
0.00  0.23  0.5976414968
0.00  0.24  0.6205188654
0.00  0.25  0.6418151546
0.00  0.26  0.6625049719
0.00  0.27  0.6824894047
0.00  0.28  0.7019417693
0.00  0.29  0.7196836619
0.00  0.30  0.735996146
0.00  0.31  0.751597208
0.00  0.32  0.7667703148
0.00  0.33  0.778803992
0.00  0.34  0.7876112089
0.00  0.35  0.7966569355
0.00  0.36  0.8040863164
0.00  0.37  0.810380331
0.00  0.38  0.8142934471
0.00  0.39  0.8174405998
0.00  0.40  0.8184923118
0.00  0.41  0.8165523929
0.00  0.42  0.8141847598
0.00  0.43  0.811024782
0.00  0.44  0.8395406829
0.00  0.45  0.8359001877
0.00  0.46  0.8284255498
0.00  0.47  0.8185390928
0.00  0.48  0.8095862795
0.00  0.49  0.8037558633
0.00  0.50  0.7936050071
0.01  0.00  0.3319017357
0.01  0.01  0.3282157608
0.01  0.02  0.325344193
0.01  0.03  0.3269915284
0.01  0.04  0.3259729237
0.01  0.05  0.3262546536
0.01  0.06  0.3284802601
0.01  0.07  0.3324554319
0.01  0.08  0.337582305
0.01  0.09  0.3458106845
0.01  0.10  0.3531746199
0.01  0.11  0.3627569051
0.01  0.12  0.3766898049
0.01  0.13  0.3913992205
0.01  0.14  0.4093514983
0.01  0.15  0.4278216073
0.01  0.16  0.4472913142
0.01  0.17  0.4680169656
0.01  0.18  0.4966712304
0.01  0.19  0.5196289382
0.01  0.20  0.5422320588
0.01  0.21  0.565028158
0.01  0.22  0.5862016308
0.01  0.23  0.6079459769
0.01  0.24  0.6304772105
0.01  0.25  0.6513000905
0.01  0.26  0.671983961
0.01  0.27  0.6919992117
0.01  0.28  0.7103946296
0.01  0.29  0.7276982993
0.01  0.30  0.7430455132
0.01  0.31  0.7580488773
0.01  0.32  0.7723035439
0.01  0.33  0.7848284184
0.01  0.34  0.791565871
0.01  0.35  0.8006480424
0.01  0.36  0.8085754112
0.01  0.37  0.8127655568
0.01  0.38  0.816801001
0.01  0.39  0.8188523172
0.01  0.40  0.8191163635
0.01  0.41  0.8161075075
0.01  0.42  0.8133249243
0.01  0.43  0.8434599201
0.01  0.44  0.8396863675
0.01  0.45  0.8329470313
0.01  0.46  0.8246429647
0.01  0.47  0.8157651843
0.01  0.48  0.8080125986
0.01  0.49  0.7996303467
0.01  0.50  0.7895267757
0.02  0.00  0.3304231435
0.02  0.01  0.3274853607
0.02  0.02  0.325856779
0.02  0.03  0.3284586699
0.02  0.04  0.3272365246
0.02  0.05  0.3290350766
0.02  0.06  0.3316180077
0.02  0.07  0.3369472682
0.02  0.08  0.3431912233
0.02  0.09  0.3502219622
0.02  0.10  0.3604197051
0.02  0.11  0.3709677283
0.02  0.12  0.3853021294
0.02  0.13  0.4011368956
0.02  0.14  0.4183523995
0.02  0.15  0.4389094659
0.02  0.16  0.4575353243
0.02  0.17  0.485703403
0.02  0.18  0.5081411336
0.02  0.19  0.5303323496
0.02  0.20  0.552890149
0.02  0.21  0.5757527717
0.02  0.22  0.5963557265
0.02  0.23  0.6179455131
0.02  0.24  0.6397144599
0.02  0.25  0.6603422465
0.02  0.26  0.6814683909
0.02  0.27  0.7000905785
0.02  0.28  0.7182820437
0.02  0.29  0.7344884463
0.02  0.30  0.7493231933
0.02  0.31  0.7635150548
0.02  0.32  0.7782689265
0.02  0.33  0.7879461932
0.02  0.34  0.7955084636
0.02  0.35  0.8052288385
0.02  0.36  0.8102392005
0.02  0.37  0.8152742853
0.02  0.38  0.8182188782
0.02  0.39  0.8185761174
0.02  0.40  0.8192306576
0.02  0.41  0.8152135382
0.02  0.42  0.8456028003
0.02  0.43  0.8434093943
0.02  0.44  0.8367407468
0.02  0.45  0.8291288597
0.02  0.46  0.8218139325
0.02  0.47  0.8138988756
0.02  0.48  0.8038001388
0.02  0.49  0.7954463424
0.02  0.50  0.7796621769
0.03  0.00  0.3302256121
0.03  0.01  0.3286663031
0.03  0.02  0.3270822556
0.03  0.03  0.3293906137
0.03  0.04  0.3301731656
0.03  0.05  0.3325400629
0.03  0.06  0.3364785788
0.03  0.07  0.3428574795
0.03  0.08  0.3478198632
0.03  0.09  0.357938801
0.03  0.10  0.3685942611
0.03  0.11  0.3793760345
0.03  0.12  0.3954107407
0.03  0.13  0.4107174995
0.03  0.14  0.4291147228
0.03  0.15  0.4494096219
0.03  0.16  0.475763759
0.03  0.17  0.4973988652
0.03  0.18  0.5183379706
0.03  0.19  0.5407201452
0.03  0.20  0.5638623512
0.03  0.21  0.5861159253
0.03  0.22  0.6065651648
0.03  0.23  0.627345647
0.03  0.24  0.6491009206
0.03  0.25  0.6697355931
0.03  0.26  0.6896206573
0.03  0.27  0.7077594229
0.03  0.28  0.724980502
0.03  0.29  0.7407156192
0.03  0.30  0.7550780164
0.03  0.31  0.769436092
0.03  0.32  0.7813342053
0.03  0.33  0.7917736239
0.03  0.34  0.8000229131
0.03  0.35  0.8079114126
0.03  0.36  0.8128898923
0.03  0.37  0.8167695223
0.03  0.38  0.8180674419
0.03  0.39  0.8179966874
0.03  0.40  0.8183069163
0.03  0.41  0.8476388526
0.03  0.42  0.8455468335
0.03  0.43  0.8405510594
0.03  0.44  0.8329763133
0.03  0.45  0.8259864067
0.03  0.46  0.8200894641
0.03  0.47  0.8096502131
0.03  0.48  0.7998927326
0.03  0.49  0.7854136814
0.03  0.50  0.7761526747
0.04  0.00  0.3315826899
0.04  0.01  0.3302471556
0.04  0.02  0.3288949235
0.04  0.03  0.3327284862
0.04  0.04  0.333906376
0.04  0.05  0.3376449792
0.04  0.06  0.3426981276
0.04  0.07  0.3477483639
0.04  0.08  0.3557238835
0.04  0.09  0.366525224
0.04  0.10  0.3773213845
0.04  0.11  0.3901836952
0.04  0.12  0.4052721512
0.04  0.13  0.4219559628
0.04  0.14  0.4403498063
0.04  0.15  0.4678250242
0.04  0.16  0.4879469902
0.04  0.17  0.5083079406
0.04  0.18  0.5298551485
0.04  0.19  0.5518998641
0.04  0.20  0.5744846923
0.04  0.21  0.5964987514
0.04  0.22  0.6161445721
0.04  0.23  0.6370226775
0.04  0.24  0.6585374709
0.04  0.25  0.6781920489
0.04  0.26  0.6975511777
0.04  0.27  0.7145509375
0.04  0.28  0.7312403972
0.04  0.29  0.7463190544
0.04  0.30  0.7609823049
0.04  0.31  0.7742037265
0.04  0.32  0.7858981375
0.04  0.33  0.7962531402
0.04  0.34  0.8025606031
0.04  0.35  0.8105665477
0.04  0.36  0.8142975965
0.04  0.37  0.8165281653
0.04  0.38  0.8180793053
0.04  0.39  0.8189832088
0.04  0.40  0.8504473123
0.04  0.41  0.8473714834
0.04  0.42  0.843887507
0.04  0.43  0.8368297156
0.04  0.44  0.8299780188
0.04  0.45  0.8245245943
0.04  0.46  0.8158056195
0.04  0.47  0.8057752325
0.04  0.48  0.7902174673
0.04  0.49  0.7819908375
0.04  0.50  0.7711079168
0.05  0.00  0.3333648362
0.05  0.01  0.3322762864
0.05  0.02  0.332176719
0.05  0.03  0.3366461098
0.05  0.04  0.339168822
0.05  0.05  0.3438492601
0.05  0.06  0.3478983042
0.05  0.07  0.3557612643
0.05  0.08  0.3643203902
0.05  0.09  0.375324414
0.05  0.10  0.3884686584
0.05  0.11  0.3998252794
0.05  0.12  0.4158741602
0.05  0.13  0.4331949346
0.05  0.14  0.4587263534
0.05  0.15  0.4802001188
0.05  0.16  0.4991100706
0.05  0.17  0.5198865141
0.05  0.18  0.5410733284
0.05  0.19  0.56305338
0.05  0.20  0.5854479883
0.05  0.21  0.6064693043
0.05  0.22  0.6260203557
0.05  0.23  0.6466178737
0.05  0.24  0.6668130072
0.05  0.25  0.6862387759
0.05  0.26  0.7043969093
0.05  0.27  0.7208395613
0.05  0.28  0.7369926203
0.05  0.29  0.7521249078
0.05  0.30  0.7655158174
0.05  0.31  0.7785128493
0.05  0.32  0.7902753123
0.05  0.33  0.7988180028
0.05  0.34  0.8051758924
0.05  0.35  0.8119576479
0.05  0.36  0.8140019137
0.05  0.37  0.8163772656
0.05  0.38  0.8189554139
0.05  0.39  0.8511589159
0.05  0.40  0.8503308116
0.05  0.41  0.8458218895
0.05  0.42  0.8402235113
0.05  0.43  0.8335791921
0.05  0.44  0.8281881525
0.05  0.45  0.8202455074
0.05  0.46  0.8117281635
0.05  0.47  0.7959484588
0.05  0.48  0.7866823763
0.05  0.49  0.7771091709
0.05  0.50  0.7669484736
0.06  0.00  0.3354728908
0.06  0.01  0.3358563225
0.06  0.02  0.3365776114
0.06  0.03  0.3422130184
0.06  0.04  0.345620021
0.06  0.05  0.3490691329
0.06  0.06  0.3562238937
0.06  0.07  0.3642076665
0.06  0.08  0.3733395855
0.06  0.09  0.38734036
0.06  0.10  0.3990452661
0.06  0.11  0.4114705528
0.06  0.12  0.4286014261
0.06  0.13  0.4516940951
0.06  0.14  0.4715680431
0.06  0.15  0.491781565
0.06  0.16  0.5111151233
0.06  0.17  0.5314725584
0.06  0.18  0.55217422
0.06  0.19  0.5736919272
0.06  0.20  0.5950887866
0.06  0.21  0.6162931767
0.06  0.22  0.6356386607
0.06  0.23  0.6550333835
0.06  0.24  0.6749773666
0.06  0.25  0.693054201
0.06  0.26  0.7107332544
0.06  0.27  0.7264995699
0.06  0.28  0.7427197416
0.06  0.29  0.7568541085
0.06  0.30  0.7699186277
0.06  0.31  0.7830198375
0.06  0.32  0.7922192475
0.06  0.33  0.8014644888
0.06  0.34  0.8067649445
0.06  0.35  0.8117981089
0.06  0.36  0.8140568013
0.06  0.37  0.8175197157
0.06  0.38  0.8515762744
0.06  0.39  0.8511219389
0.06  0.40  0.8479628873
0.06  0.41  0.8423439267
0.06  0.42  0.837236741
0.06  0.43  0.8320718601
0.06  0.44  0.8241592015
0.06  0.45  0.8164065596
0.06  0.46  0.8018370622
0.06  0.47  0.7924907445
0.06  0.48  0.7816460866
0.06  0.49  0.7729461442
0.06  0.50  0.7624230554
0.07  0.00  0.339059255
0.07  0.01  0.3400942847
0.07  0.02  0.3418371626
0.07  0.03  0.3487558253
0.07  0.04  0.3506126494
0.07  0.05  0.3573133414
0.07  0.06  0.3644676449
0.07  0.07  0.3738799626
0.07  0.08  0.3855168902
0.07  0.09  0.3976075014
0.07  0.10  0.4112040723
0.07  0.11  0.4242288515
0.07  0.12  0.4474787988
0.07  0.13  0.4649471495
0.07  0.14  0.4839138025
0.07  0.15  0.5038632279
0.07  0.16  0.5227593693
0.07  0.17  0.5429065422
0.07  0.18  0.5636913138
0.07  0.19  0.5836293019
0.07  0.20  0.604843146
0.07  0.21  0.625856777
0.07  0.22  0.6439916664
0.07  0.23  0.662778749
0.07  0.24  0.6818283673
0.07  0.25  0.699161026
0.07  0.26  0.7156020369
0.07  0.27  0.7319354625
0.07  0.28  0.7465556833
0.07  0.29  0.7605975304
0.07  0.30  0.7742493528
0.07  0.31  0.7848695539
0.07  0.32  0.7941879277
0.07  0.33  0.8030582811
0.07  0.34  0.8065270271
0.07  0.35  0.8104439622
0.07  0.36  0.8149234005
0.07  0.37  0.8499294748
0.07  0.38  0.8513774969
0.07  0.39  0.8482563539
0.07  0.40  0.8443948817
0.07  0.41  0.8392097506
0.07  0.42  0.8352716669
0.07  0.43  0.8278110345
0.07  0.44  0.8201421347
0.07  0.45  0.8060779992
0.07  0.46  0.7984224057
0.07  0.47  0.787895399
0.07  0.48  0.7769064794
0.07  0.49  0.7681950055
0.07  0.50  0.7583667771
0.08  0.00  0.3435552253
0.08  0.01  0.3456310857
0.08  0.02  0.3488820737
0.08  0.03  0.3537406942
0.08  0.04  0.3586883951
0.08  0.05  0.3656840763
0.08  0.06  0.3740080261
0.08  0.07  0.3857505624
0.08  0.08  0.3962079568
0.08  0.09  0.4100089443
0.08  0.10  0.4229994382
0.08  0.11  0.4427112034
0.08  0.12  0.4601698227
0.08  0.13  0.4773378435
0.08  0.14  0.4964220938
0.08  0.15  0.515703392
0.08  0.16  0.5345632704
0.08  0.17  0.5545403397
0.08  0.18  0.5738961002
0.08  0.19  0.5937698667
0.08  0.20  0.6146063111
0.08  0.21  0.634373891
0.08  0.22  0.6525088688
0.08  0.23  0.6702744179
0.08  0.24  0.6879694827
0.08  0.25  0.7045548037
0.08  0.26  0.7214802457
0.08  0.27  0.7358907266
0.08  0.28  0.7501367002
0.08  0.29  0.7647890982
0.08  0.30  0.7762841857
0.08  0.31  0.7860868189
0.08  0.32  0.7955136647
0.08  0.33  0.8025669829
0.08  0.34  0.8050587613
0.08  0.35  0.8114694414
0.08  0.36  0.847260338
0.08  0.37  0.8499266932
0.08  0.38  0.8480913559
0.08  0.39  0.8446891216
0.08  0.40  0.841300821
0.08  0.41  0.8372690955
0.08  0.42  0.8310723755
0.08  0.43  0.8238301069
0.08  0.44  0.8098024802
0.08  0.45  0.8024978033
0.08  0.46  0.7937004663
0.08  0.47  0.7827450568
0.08  0.48  0.7720667449
0.08  0.49  0.7641819498
0.08  0.50  0.7540258757
0.09  0.00  0.3491807815
0.09  0.01  0.3529165773
0.09  0.02  0.3539921086
0.09  0.03  0.3619302279
0.09  0.04  0.3675925762
0.09  0.05  0.3754409126
0.09  0.06  0.3858602178
0.09  0.07  0.3965623219
0.09  0.08  0.4074839729
0.09  0.09  0.4213112812
0.09  0.10  0.4416370474
0.09  0.11  0.4561728384
0.09  0.12  0.4724728045
0.09  0.13  0.4896797346
0.09  0.14  0.5078156739
0.09  0.15  0.5273567332
0.09  0.16  0.5459325188
0.09  0.17  0.5643878862
0.09  0.18  0.5837973189
0.09  0.19  0.6036517476
0.09  0.20  0.6233082742
0.09  0.21  0.6431364019
0.09  0.22  0.6601377185
0.09  0.23  0.6762517262
0.09  0.24  0.6931950592
0.09  0.25  0.7100095041
0.09  0.26  0.725896924
0.09  0.27  0.7398138634
0.09  0.28  0.7549539718
0.09  0.29  0.7665159238
0.09  0.30  0.7778568006
0.09  0.31  0.7871322684
0.09  0.32  0.7951067938
0.09  0.33  0.8011678642
0.09  0.34  0.8059964809
0.09  0.35  0.8435185192
0.09  0.36  0.8472351631
0.09  0.37  0.8467066995
0.09  0.38  0.8445696948
0.09  0.39  0.8417179335
0.09  0.40  0.8397130939
0.09  0.41  0.8331610958
0.09  0.42  0.8271660949
0.09  0.43  0.8137401193
0.09  0.44  0.8063799966
0.09  0.45  0.7976405435
0.09  0.46  0.7887286649
0.09  0.47  0.7779828464
0.09  0.48  0.7681158397
0.09  0.49  0.7597133988
0.09  0.50  0.750742739
0.10  0.00  0.3563092313
0.10  0.01  0.3577062019
0.10  0.02  0.362186354
0.10  0.03  0.3708437664
0.10  0.04  0.3767894469
0.10  0.05  0.3871922624
0.10  0.06  0.3967602188
0.10  0.07  0.4082876152
0.10  0.08  0.4199394205
0.10  0.09  0.4407481206
0.10  0.10  0.4552626859
0.10  0.11  0.4685994304
0.10  0.12  0.4852382634
0.10  0.13  0.5016731887
0.10  0.14  0.5194392732
0.10  0.15  0.5386830757
0.10  0.16  0.555826086
0.10  0.17  0.5745352226
0.10  0.18  0.5929900323
0.10  0.19  0.6122310889
0.10  0.20  0.6313354323
0.10  0.21  0.6500132168
0.10  0.22  0.6664788559
0.10  0.23  0.6823236552
0.10  0.24  0.6991939865
0.10  0.25  0.7144900713
0.10  0.26  0.7293131305
0.10  0.27  0.744260408
0.10  0.28  0.7561952246
0.10  0.29  0.7689167589
0.10  0.30  0.7791317654
0.10  0.31  0.7867001289
0.10  0.32  0.794955864
0.10  0.33  0.8021509682
0.10  0.34  0.8380069762
0.10  0.35  0.8433750471
0.10  0.36  0.8438621454
0.10  0.37  0.8431233204
0.10  0.38  0.8415077691
0.10  0.39  0.839734979
0.10  0.40  0.8352763735
0.10  0.41  0.8292276191
0.10  0.42  0.8171845438
0.10  0.43  0.8101402287
0.10  0.44  0.8015446656
0.10  0.45  0.7932637588
0.10  0.46  0.7837559023
0.10  0.47  0.773830505
0.10  0.48  0.7635030375
0.10  0.49  0.7562081252
0.10  0.50  0.7456407952
0.11  0.00  0.3610702133
0.11  0.01  0.3663070948
0.11  0.02  0.3711733087
0.11  0.03  0.3798232189
0.11  0.04  0.3888721178
0.11  0.05  0.3981624804
0.11  0.06  0.4088778968
0.11  0.07  0.4204968052
0.11  0.08  0.4389884704
0.11  0.09  0.4537544318
0.11  0.10  0.4677504636
0.11  0.11  0.4815948749
0.11  0.12  0.4977308709
0.11  0.13  0.5135381968
0.11  0.14  0.532067381
0.11  0.15  0.5488216466
0.11  0.16  0.5661133461
0.11  0.17  0.5841111026
0.11  0.18  0.6018936866
0.11  0.19  0.6204585884
0.11  0.20  0.6383850458
0.11  0.21  0.656043429
0.11  0.22  0.6719275191
0.11  0.23  0.6880994254
0.11  0.24  0.7035002538
0.11  0.25  0.7182299103
0.11  0.26  0.7340449566
0.11  0.27  0.7456731671
0.11  0.28  0.7593659317
0.11  0.29  0.770340962
0.11  0.30  0.7789756887
0.11  0.31  0.7866208112
0.11  0.32  0.795482251
0.11  0.33  0.833820007
0.11  0.34  0.837971324
0.11  0.35  0.8406060106
0.11  0.36  0.8403428458
0.11  0.37  0.839946151
0.11  0.38  0.8394054883
0.11  0.39  0.8352312563
0.11  0.40  0.8311590774
0.11  0.41  0.8192943109
0.11  0.42  0.8136634614
0.11  0.43  0.8052960768
0.11  0.44  0.7971698891
0.11  0.45  0.788114055
0.11  0.46  0.779897644
0.11  0.47  0.7693459767
0.11  0.48  0.7597401083
0.11  0.49  0.7511403387
0.11  0.50  0.7419835702
0.12  0.00  0.3698237153
0.12  0.01  0.3746750668
0.12  0.02  0.3801514976
0.12  0.03  0.3919455068
0.12  0.04  0.4002258966
0.12  0.05  0.4103885537
0.12  0.06  0.4210397834
0.12  0.07  0.4399473305
0.12  0.08  0.4524352117
0.12  0.09  0.4662930376
0.12  0.10  0.4803770749
0.12  0.11  0.4937369285
0.12  0.12  0.5098095774
0.12  0.13  0.5271548865
0.12  0.14  0.5427400754
0.12  0.15  0.5598195991
0.12  0.16  0.576411783
0.12  0.17  0.5932348923
0.12  0.18  0.6106743653
0.12  0.19  0.6276076002
0.12  0.20  0.6446245634
0.12  0.21  0.6611110857
0.12  0.22  0.6770515199
0.12  0.23  0.690747921
0.12  0.24  0.7071253598
0.12  0.25  0.7221802088
0.12  0.26  0.7353757487
0.12  0.27  0.7486436771
0.12  0.28  0.7607354891
0.12  0.29  0.7700675244
0.12  0.30  0.7790413469
0.12  0.31  0.7877912478
0.12  0.32  0.8273007693
0.12  0.33  0.8337198002
0.12  0.34  0.8349015483
0.12  0.35  0.8369087352
0.12  0.36  0.837360888
0.12  0.37  0.8378451337
0.12  0.38  0.8350187052
0.12  0.39  0.8310329745
0.12  0.40  0.8212018263
0.12  0.41  0.8157700376
0.12  0.42  0.8088979528
0.12  0.43  0.8006084871
0.12  0.44  0.792232187
0.12  0.45  0.7841234948
0.12  0.46  0.7754478701
0.12  0.47  0.7657493581
0.12  0.48  0.7549298524
0.12  0.49  0.7476665983
0.12  0.50  0.7387965753
0.13  0.00  0.3784813362
0.13  0.01  0.3842670943
0.13  0.02  0.3918556714
0.13  0.03  0.4023366831
0.13  0.04  0.4128915659
0.13  0.05  0.4221539269
0.13  0.06  0.440125024
0.13  0.07  0.4532856798
0.13  0.08  0.4649113662
0.13  0.09  0.4797048373
0.13  0.10  0.492860835
0.13  0.11  0.5059511556
0.13  0.12  0.5229604956
0.13  0.13  0.5376729357
0.13  0.14  0.5536594381
0.13  0.15  0.5699742737
0.13  0.16  0.5854872049
0.13  0.17  0.6016260428
0.13  0.18  0.6178487024
0.13  0.19  0.6340365156
0.13  0.20  0.6506585358
0.13  0.21  0.6672830304
0.13  0.22  0.6801165288
0.13  0.23  0.694619934
0.13  0.24  0.7108765745
0.13  0.25  0.7235484135
0.13  0.26  0.7374210986
0.13  0.27  0.7498603536
0.13  0.28  0.7603519927
0.13  0.29  0.7692307564
0.13  0.30  0.7794384347
0.13  0.31  0.8186720381
0.13  0.32  0.8267778336
0.13  0.33  0.8312373737
0.13  0.34  0.8315546379
0.13  0.35  0.8339147302
0.13  0.36  0.8349962531
0.13  0.37  0.8333541324
0.13  0.38  0.8309548649
0.13  0.39  0.8213982816
0.13  0.40  0.817504921
0.13  0.41  0.8107562951
0.13  0.42  0.8040055192
0.13  0.43  0.7956492342
0.13  0.44  0.7879455465
0.13  0.45  0.7795098124
0.13  0.46  0.7717225869
0.13  0.47  0.7610747335
0.13  0.48  0.7514741983
0.13  0.49  0.7448196135
0.13  0.50  0.736237336
0.14  0.00  0.3878300498
0.14  0.01  0.3956006865
0.14  0.02  0.4026716995
0.14  0.03  0.4157557686
0.14  0.04  0.424657866
0.14  0.05  0.4413324213
0.14  0.06  0.4538222558
0.14  0.07  0.4658344598
0.14  0.08  0.4781284819
0.14  0.09  0.4922924053
0.14  0.10  0.5051369994
0.14  0.11  0.5196076482
0.14  0.12  0.5337097443
0.14  0.13  0.5486136509
0.14  0.14  0.564147388
0.14  0.15  0.5791849685
0.14  0.16  0.5939397822
0.14  0.17  0.6087446239
0.14  0.18  0.6242630646
0.14  0.19  0.6401000998
0.14  0.20  0.6564799137
0.14  0.21  0.6709855441
0.14  0.22  0.6838376999
0.14  0.23  0.6987705457
0.14  0.24  0.7125439915
0.14  0.25  0.7264505465
0.14  0.26  0.7385513516
0.14  0.27  0.7495080694
0.14  0.28  0.7595341276
0.14  0.29  0.770130296
0.14  0.30  0.8101106172
0.14  0.31  0.8178724707
0.14  0.32  0.8237923553
0.14  0.33  0.8276882297
0.14  0.34  0.828473401
0.14  0.35  0.832064047
0.14  0.36  0.8309635799
0.14  0.37  0.8293250418
0.14  0.38  0.8212913069
0.14  0.39  0.817938489
0.14  0.40  0.8128564286
0.14  0.41  0.8060287453
0.14  0.42  0.7992100726
0.14  0.43  0.7920067659
0.14  0.44  0.7834951132
0.14  0.45  0.7758911413
0.14  0.46  0.76686613
0.14  0.47  0.7576989594
0.14  0.48  0.7482444278
0.14  0.49  0.7422453489
0.14  0.50  0.7333047694
0.15  0.00  0.3991648025
0.15  0.01  0.406585815
0.15  0.02  0.4153630741
0.15  0.03  0.427382475
0.15  0.04  0.4438625237
0.15  0.05  0.454969366
0.15  0.06  0.4664145735
0.15  0.07  0.4785158142
0.15  0.08  0.4905696371
0.15  0.09  0.504136012
0.15  0.10  0.5173323878
0.15  0.11  0.5299424142
0.15  0.12  0.5444035313
0.15  0.13  0.5580442947
0.15  0.14  0.5719345654
0.15  0.15  0.5872888367
0.15  0.16  0.6011816332
0.15  0.17  0.6148576906
0.15  0.18  0.6297890083
0.15  0.19  0.6457670829
0.15  0.20  0.6600219972
0.15  0.21  0.6743681784
0.15  0.22  0.6876372937
0.15  0.23  0.7003302294
0.15  0.24  0.713760148
0.15  0.25  0.7278787331
0.15  0.26  0.7380937974
0.15  0.27  0.7483188843
0.15  0.28  0.7602158397
0.15  0.29  0.8003931623
0.15  0.30  0.8084561087
0.15  0.31  0.8151052767
0.15  0.32  0.8200806701
0.15  0.33  0.8241004516
0.15  0.34  0.8263338158
0.15  0.35  0.8277231095
0.15  0.36  0.8268515469
0.15  0.37  0.8197444987
0.15  0.38  0.8178832946
0.15  0.39  0.8131959702
0.15  0.40  0.807984523
0.15  0.41  0.8010838815
0.15  0.42  0.7954937954
0.15  0.43  0.7874753763
0.15  0.44  0.7798075177
0.15  0.45  0.7711534254
0.15  0.46  0.7634751787
0.15  0.47  0.7540698819
0.15  0.48  0.7456914485
0.15  0.49  0.7389556387
0.15  0.50  0.7296968595
0.16  0.00  0.4096129986
0.16  0.01  0.4189713937
0.16  0.02  0.4273864026
0.16  0.03  0.4461874839
0.16  0.04  0.4570126681
0.16  0.05  0.4672631969
0.16  0.06  0.4791678662
0.16  0.07  0.4912077321
0.16  0.08  0.5025138331
0.16  0.09  0.5164793095
0.16  0.10  0.5281523606
0.16  0.11  0.5406199575
0.16  0.12  0.5547801841
0.16  0.13  0.566297365
0.16  0.14  0.5808520838
0.16  0.15  0.5953815925
0.16  0.16  0.607528914
0.16  0.17  0.6209752654
0.16  0.18  0.6356600616
0.16  0.19  0.6494853714
0.16  0.20  0.663948433
0.16  0.21  0.6782274352
0.16  0.22  0.6892203448
0.16  0.23  0.7018231831
0.16  0.24  0.7148446169
0.16  0.25  0.7264214917
0.16  0.26  0.7370746335
0.16  0.27  0.7480914533
0.16  0.28  0.7903575741
0.16  0.29  0.7998723565
0.16  0.30  0.8055460743
0.16  0.31  0.8113981264
0.16  0.32  0.8169637569
0.16  0.33  0.8220296038
0.16  0.34  0.82181851
0.16  0.35  0.8233633715
0.16  0.36  0.8173980928
0.16  0.37  0.8163254744
0.16  0.38  0.8131913798
0.16  0.39  0.8080267314
0.16  0.40  0.8030165338
0.16  0.41  0.7969571361
0.16  0.42  0.7908366907
0.16  0.43  0.7836609783
0.16  0.44  0.7751719618
0.16  0.45  0.7677886174
0.16  0.46  0.7601940543
0.16  0.47  0.7514579145
0.16  0.48  0.742609222
0.16  0.49  0.7353338557
0.16  0.50  0.7277482556
0.17  0.00  0.4224640074
0.17  0.01  0.4304105786
0.17  0.02  0.4463366061
0.17  0.03  0.4599031947
0.17  0.04  0.4692593991
0.17  0.05  0.480179246
0.17  0.06  0.4914419249
0.17  0.07  0.5029279302
0.17  0.08  0.5145136663
0.17  0.09  0.5269963107
0.17  0.10  0.5390048656
0.17  0.11  0.5511148294
0.17  0.12  0.5630127836
0.17  0.13  0.5752005307
0.17  0.14  0.5883137016
0.17  0.15  0.6018835477
0.17  0.16  0.6138952703
0.17  0.17  0.6268865409
0.17  0.18  0.6394806771
0.17  0.19  0.6529917191
0.17  0.20  0.6679417972
0.17  0.21  0.6798166661
0.17  0.22  0.6912853183
0.17  0.23  0.7029051377
0.17  0.24  0.7142940722
0.17  0.25  0.7260163805
0.17  0.26  0.7370474038
0.17  0.27  0.7779629272
0.17  0.28  0.7897402845
0.17  0.29  0.7964136831
0.17  0.30  0.8018379225
0.17  0.31  0.8082696634
0.17  0.32  0.8150782551
0.17  0.33  0.818110435
0.17  0.34  0.8179228213
0.17  0.35  0.813864616
0.17  0.36  0.8136001039
0.17  0.37  0.8115798628
0.17  0.38  0.8081004395
0.17  0.39  0.8033975383
0.17  0.40  0.799077011
0.17  0.41  0.7928748295
0.17  0.42  0.7869690145
0.17  0.43  0.7788649613
0.17  0.44  0.7716483708
0.17  0.45  0.7643348504
0.17  0.46  0.7574105681
0.17  0.47  0.7486054391
0.17  0.48  0.739212246
0.17  0.49  0.7334528871
0.17  0.50  0.7246384291
0.18  0.00  0.4333306222
0.18  0.01  0.4492459329
0.18  0.02  0.459547033
0.18  0.03  0.47245875
0.18  0.04  0.481774185
0.18  0.05  0.4921313157
0.18  0.06  0.5032068662
0.18  0.07  0.5152962504
0.18  0.08  0.5252776694
0.18  0.09  0.5380059768
0.18  0.10  0.5491549577
0.18  0.11  0.5591949583
0.18  0.12  0.571371145
0.18  0.13  0.5825883008
0.18  0.14  0.5947646299
0.18  0.15  0.6081938391
0.18  0.16  0.6197745351
0.18  0.17  0.6305092183
0.18  0.18  0.6426837757
0.18  0.19  0.6566073886
0.18  0.20  0.6693412205
0.18  0.21  0.6817820221
0.18  0.22  0.6923645106
0.18  0.23  0.7024106899
0.18  0.24  0.7137798797
0.18  0.25  0.7256806725
0.18  0.26  0.7661513698
0.18  0.27  0.7772853182
0.18  0.28  0.7868772114
0.18  0.29  0.7929747908
0.18  0.30  0.7985426658
0.18  0.31  0.806227484
0.18  0.32  0.8107633226
0.18  0.33  0.8138413186
0.18  0.34  0.8085105072
0.18  0.35  0.8105105927
0.18  0.36  0.8088872753
0.18  0.37  0.8063091208
0.18  0.38  0.803223185
0.18  0.39  0.7993034241
0.18  0.40  0.7947969823
0.18  0.41  0.7892002122
0.18  0.42  0.7820227357
0.18  0.43  0.7752703683
0.18  0.44  0.7681893496
0.18  0.45  0.7615149067
0.18  0.46  0.7543667147
0.18  0.47  0.7447781977
0.18  0.48  0.7367232112
0.18  0.49  0.7299656437
0.18  0.50  0.7260487456
0.19  0.00  0.4520161155
0.19  0.01  0.4624726652
0.19  0.02  0.4715166314
0.19  0.03  0.4840407657
0.19  0.04  0.493615273
0.19  0.05  0.5036107867
0.19  0.06  0.5150092762
0.19  0.07  0.5258739474
0.19  0.08  0.5360219054
0.19  0.09  0.5482804911
0.19  0.10  0.5583548403
0.19  0.11  0.5676202111
0.19  0.12  0.5787506568
0.19  0.13  0.5890620266
0.19  0.14  0.6007159996
0.19  0.15  0.6139096815
0.19  0.16  0.6240537749
0.19  0.17  0.6342959654
0.19  0.18  0.6462981658
0.19  0.19  0.658150997
0.19  0.20  0.6708119103
0.19  0.21  0.6827790123
0.19  0.22  0.6915162664
0.19  0.23  0.701354319
0.19  0.24  0.7133622967
0.19  0.25  0.7543129341
0.19  0.26  0.7654743399
0.19  0.27  0.7753201257
0.19  0.28  0.783009517
0.19  0.29  0.7897948643
0.19  0.30  0.7965452188
0.19  0.31  0.8018081526
0.19  0.32  0.8065276856
0.19  0.33  0.8042997741
0.19  0.34  0.8048506302
0.19  0.35  0.8055383436
0.19  0.36  0.8037478728
0.19  0.37  0.8013412763
0.19  0.38  0.7992318483
0.19  0.39  0.7949568132
0.19  0.40  0.7909584278
0.19  0.41  0.7840453968
0.19  0.42  0.77857057
0.19  0.43  0.7717957082
0.19  0.44  0.7653810904
0.19  0.45  0.7584891168
0.19  0.46  0.7507072908
0.19  0.47  0.7426120832
0.19  0.48  0.7335426737
0.19  0.49  0.7318451957
0.19  0.50  0.7199310325
0.20  0.00  0.4647942111
0.20  0.01  0.4744081692
0.20  0.02  0.4840075068
0.20  0.03  0.4964083773
0.20  0.04  0.5061638184
0.20  0.05  0.516252487
0.20  0.06  0.5260379143
0.20  0.07  0.5363868202
0.20  0.08  0.5460128586
0.20  0.09  0.5573940825
0.20  0.10  0.5668270317
0.20  0.11  0.5751953439
0.20  0.12  0.5856103563
0.20  0.13  0.5951056685
0.20  0.14  0.6065928678
0.20  0.15  0.6170294891
0.20  0.16  0.6279671324
0.20  0.17  0.6381054953
0.20  0.18  0.6478409207
0.20  0.19  0.6599456881
0.20  0.20  0.6717183928
0.20  0.21  0.681998262
0.20  0.22  0.6906153358
0.20  0.23  0.7005007807
0.20  0.24  0.7411651662
0.20  0.25  0.7530669226
0.20  0.26  0.7634212599
0.20  0.27  0.7714336327
0.20  0.28  0.7796488414
0.20  0.29  0.7877539786
0.20  0.30  0.7921370757
0.20  0.31  0.7974971406
0.20  0.32  0.7969956914
0.20  0.33  0.8005976239
0.20  0.34  0.7996643215
0.20  0.35  0.8002204195
0.20  0.36  0.7988610075
0.20  0.37  0.7973354579
0.20  0.38  0.7946185942
0.20  0.39  0.7908518407
0.20  0.40  0.7858849919
0.20  0.41  0.7803070253
0.20  0.42  0.7749532434
0.20  0.43  0.7689183702
0.20  0.44  0.7623176202
0.20  0.45  0.7546589831
0.20  0.46  0.7485119487
0.20  0.47  0.7393938497
0.20  0.48  0.7353027273
0.20  0.49  0.7257095646
0.20  0.50  0.7191314682
0.21  0.00  0.4768540294
0.21  0.01  0.4868384378
0.21  0.02  0.496318377
0.21  0.03  0.5082113752
0.21  0.04  0.5187880772
0.21  0.05  0.5269626932
0.21  0.06  0.5368356214
0.21  0.07  0.5469555653
0.21  0.08  0.5558423724
0.21  0.09  0.5658806601
0.21  0.10  0.5739986574
0.21  0.11  0.5817867738
0.21  0.12  0.5917153946
0.21  0.13  0.6009909451
0.21  0.14  0.6102890313
0.21  0.15  0.620469321
0.21  0.16  0.6317442096
0.21  0.17  0.6397707968
0.21  0.18  0.6498353522
0.21  0.19  0.660959369
0.21  0.20  0.6711072423
0.21  0.21  0.6809496724
0.21  0.22  0.6902748215
0.21  0.23  0.7279196855
0.21  0.24  0.7410042167
0.21  0.25  0.7503455089
0.21  0.26  0.7592597604
0.21  0.27  0.7681163162
0.21  0.28  0.7776777389
0.21  0.29  0.7828300148
0.21  0.30  0.7879314936
0.21  0.31  0.7880529398
0.21  0.32  0.7933465463
0.21  0.33  0.795821626
0.21  0.34  0.7945623705
0.21  0.35  0.7954977773
0.21  0.36  0.7947030782
0.21  0.37  0.7929095255
0.21  0.38  0.7906709056
0.21  0.39  0.7862098133
0.21  0.40  0.7825718729
0.21  0.41  0.7771583377
0.21  0.42  0.7721492423
0.21  0.43  0.7657142577
0.21  0.44  0.7586504621
0.21  0.45  0.7526206339
0.21  0.46  0.7453429542
0.21  0.47  0.7412084513
0.21  0.48  0.7292741889
0.21  0.49  0.7248336624
0.21  0.50  0.7183607297
0.22  0.00  0.4893118199
0.22  0.01  0.4985817071
0.22  0.02  0.5083554806
0.22  0.03  0.5208097584
0.22  0.04  0.5292352598
0.22  0.05  0.5377612583
0.22  0.06  0.5470703528
0.22  0.07  0.5562193452
0.22  0.08  0.5640537393
0.22  0.09  0.5735110132
0.22  0.10  0.5808646841
0.22  0.11  0.5877347479
0.22  0.12  0.5971349726
0.22  0.13  0.6041270572
0.22  0.14  0.6133992362
0.22  0.15  0.6240507247
0.22  0.16  0.6333087708
0.22  0.17  0.6419716582
0.22  0.18  0.6507033512
0.22  0.19  0.6603300305
0.22  0.20  0.6703322964
0.22  0.21  0.6804282379
0.22  0.22  0.7172700062
0.22  0.23  0.7274732765
0.22  0.24  0.7383291191
0.22  0.25  0.746197862
0.22  0.26  0.7558938186
0.22  0.27  0.7662921524
0.22  0.28  0.7727158022
0.22  0.29  0.7786159382
0.22  0.30  0.7784485881
0.22  0.31  0.7844107033
0.22  0.32  0.7883470489
0.22  0.33  0.7904811411
0.22  0.34  0.7897264583
0.22  0.35  0.7913626792
0.22  0.36  0.7902041989
0.22  0.37  0.7887410168
0.22  0.38  0.7856375949
0.22  0.39  0.7824115157
0.22  0.40  0.7790505025
0.22  0.41  0.7746057514
0.22  0.42  0.7692827935
0.22  0.43  0.7621753989
0.22  0.44  0.7562799792
0.22  0.45  0.7490898201
0.22  0.46  0.7468791947
0.22  0.47  0.7351399612
0.22  0.48  0.7283794643
0.22  0.49  0.723805271
0.22  0.50  0.716492579
0.23  0.00  0.5017186678
0.23  0.01  0.5108880454
0.23  0.02  0.5207204172
0.23  0.03  0.5313563586
0.23  0.04  0.5398948752
0.23  0.05  0.5477018822
0.23  0.06  0.5563097126
0.23  0.07  0.5645725625
0.23  0.08  0.5714918033
0.23  0.09  0.5800554832
0.23  0.10  0.5868551452
0.23  0.11  0.5935479937
0.23  0.12  0.6007171549
0.23  0.13  0.6076987889
0.23  0.14  0.616865242
0.23  0.15  0.6251400302
0.23  0.16  0.6335162477
0.23  0.17  0.6423650587
0.23  0.18  0.6496046795
0.23  0.19  0.6593012765
0.23  0.20  0.6698001601
0.23  0.21  0.7066176189
0.23  0.22  0.7167283823
0.23  0.23  0.7256106396
0.23  0.24  0.7344080029
0.23  0.25  0.7427774411
0.23  0.26  0.753952942
0.23  0.27  0.7611328709
0.23  0.28  0.768103768
0.23  0.29  0.7688562055
0.23  0.30  0.774712836
0.23  0.31  0.7794384189
0.23  0.32  0.7830465048
0.23  0.33  0.7855928483
0.23  0.34  0.7855873333
0.23  0.35  0.7866738281
0.23  0.36  0.7861145494
0.23  0.37  0.7837213234
0.23  0.38  0.7819667096
0.23  0.39  0.7788181749
0.23  0.40  0.775953613
0.23  0.41  0.7713345964
0.23  0.42  0.7654849662
0.23  0.43  0.7601128372
0.23  0.44  0.7528086691
0.23  0.45  0.7506517876
0.23  0.46  0.7405488249
0.23  0.47  0.7342470621
0.23  0.48  0.727415985
0.23  0.49  0.7218479091
0.23  0.50  0.7153565437
0.24  0.00  0.5134485981
0.24  0.01  0.5230394622
0.24  0.02  0.5309472216
0.24  0.03  0.5417983765
0.24  0.04  0.549447249
0.24  0.05  0.5569504964
0.24  0.06  0.5646078809
0.24  0.07  0.5724200716
0.24  0.08  0.57785816
0.24  0.09  0.5863175583
0.24  0.10  0.5929917306
0.24  0.11  0.5971796649
0.24  0.12  0.6044049849
0.24  0.13  0.6113738486
0.24  0.14  0.6186148047
0.24  0.15  0.6271663586
0.24  0.16  0.6344996488
0.24  0.17  0.6417346495
0.24  0.18  0.6485062872
0.24  0.19  0.6585374557
0.24  0.20  0.6953387299
0.24  0.21  0.705948469
0.24  0.22  0.7142621513
0.24  0.23  0.7216549513
0.24  0.24  0.7310514796
0.24  0.25  0.7413497231
0.24  0.26  0.7493070386
0.24  0.27  0.7567714783
0.24  0.28  0.7586988843
0.24  0.29  0.7651017689
0.24  0.30  0.7696695168
0.24  0.31  0.7742367405
0.24  0.32  0.7782641442
0.24  0.33  0.7815110687
0.24  0.34  0.7809083128
0.24  0.35  0.7826191116
0.24  0.36  0.7811861383
0.24  0.37  0.7802135664
0.24  0.38  0.7784840386
0.24  0.39  0.7759012149
0.24  0.40  0.7727112393
0.24  0.41  0.7670396125
0.24  0.42  0.7632102059
0.24  0.43  0.7565439278