0.80  0.80  0.2794412344
0.80  0.81  0.2846540771
0.80  0.82  0.2823728845
0.80  0.83  0.2853023986
0.80  0.84  0.2862643816
0.80  0.85  0.2957423549
0.80  0.86  0.2929302349
0.80  0.87  0.2903350082
0.80  0.88  0.287312156
0.80  0.89  0.2905571224
0.80  0.90  0.2905571224
0.80  0.91  0.2930950461
0.80  0.92  0.2974308148
0.80  0.93  0.2983506356
0.80  0.94  0.3042367314
0.80  0.95  0.3087910353
0.80  0.96  0.3191880348
0.80  0.97  0.3257545102
0.80  0.98  0.3307723656
0.80  0.99  0.3340299876
0.80  1.00  0.338155726
0.81  0.80  0.2846990406
0.81  0.81  0.2890460685
0.81  0.82  0.2896698429
0.81  0.83  0.3039935
0.81  0.84  0.3002999837
0.81  0.85  0.2960382268
0.81  0.86  0.2790203667
0.81  0.87  0.2872655595
0.81  0.88  0.2900145965
0.81  0.89  0.2927800221
0.81  0.90  0.297515055
0.81  0.91  0.2904105324
0.81  0.92  0.2933741302
0.81  0.93  0.2943485234
0.81  0.94  0.3013330378
0.81  0.95  0.3065317351
0.81  0.96  0.3153451299
0.81  0.97  0.3224559149
0.81  0.98  0.3259862355
0.81  0.99  0.3279364151
0.81  1.00  0.3341221668
0.82  0.80  0.2880799274
0.82  0.81  0.2921262486
0.82  0.82  0.2949430702
0.82  0.83  0.2979751111
0.82  0.84  0.2783571835
0.82  0.85  0.2808775923
0.82  0.86  0.2717042582
0.82  0.87  0.2717291542
0.82  0.88  0.279343011
0.82  0.89  0.2807902452
0.82  0.90  0.2932506235
0.82  0.91  0.2915040947
0.82  0.92  0.289727785
0.82  0.93  0.2938989129
0.82  0.94  0.2967214048
0.82  0.95  0.3037956681
0.82  0.96  0.3078027179
0.82  0.97  0.3184189373
0.82  0.98  0.3251173195
0.82  0.99  0.3259238417
0.82  1.00  0.3310674628
0.83  0.80  0.2824979758
0.83  0.81  0.284614797
0.83  0.82  0.2912356523
0.83  0.83  0.2896610606
0.83  0.84  0.2940023568
0.83  0.85  0.3094036688
0.83  0.86  0.2835947337
0.83  0.87  0.2981521623
0.83  0.88  0.2945027049
0.83  0.89  0.2874676749
0.83  0.90  0.314251783
0.83  0.91  0.2956674296
0.83  0.92  0.2971904799
0.83  0.93  0.2964225144
0.83  0.94  0.3029994587
0.83  0.95  0.3064794466
0.83  0.96  0.3073665295
0.83  0.97  0.3125117061
0.83  0.98  0.3185579693
0.83  0.99  0.3215773255
0.83  1.00  0.3278652583
0.84  0.80  0.2918274341
0.84  0.81  0.2909600756
0.84  0.82  0.2833124075
0.84  0.83  0.3008137729
0.84  0.84  0.2916349124
0.84  0.85  0.2903345827
0.84  0.86  0.3068878296
0.84  0.87  0.3020592533
0.84  0.88  0.285199509
0.84  0.89  0.3164810586
0.84  0.90  0.3130674093