    2.5    1.7568e+00    1.1611e+00    5.1309e-01    5.2022e-02
    5.5    1.5658e+00    1.1611e+00    3.4856e-01    3.8254e-02
    8.5    1.3546e+00    1.1611e+00    1.6667e-01    5.6952e-02
   11.5    1.1475e+00    1.1611e+00   -1.1694e-02    4.2229e-02
   14.5    1.0046e+00    1.1611e+00   -1.3475e-01    4.9398e-03
   17.5    9.7585e-01    1.1611e+00   -1.5952e-01   -2.1054e-02
   20.5    1.0264e+00    1.1611e+00   -1.1602e-01   -2.4589e-02
   23.5    1.0026e+00    1.1611e+00   -1.3648e-01   -6.1014e-02
   26.5    9.0442e-01    1.1611e+00   -2.2104e-01   -9.1247e-02
   29.5    8.1976e-01    1.1611e+00   -2.9396e-01   -1.2261e-01
   32.5    8.1117e-01    1.1611e+00   -3.0135e-01   -1.0222e-01
   35.5    9.3599e-01    1.1611e+00   -1.9385e-01   -6.9931e-02
   38.5    1.1131e+00    1.1611e+00   -4.1273e-02   -4.5817e-02
   41.5    1.1870e+00    1.1611e+00    2.2367e-02   -1.5664e-02
   44.5    1.1350e+00    1.1611e+00   -2.2438e-02   -2.9926e-02
   47.5    1.0683e+00    1.1611e+00   -7.9940e-02   -5.7961e-02
   50.5    1.0725e+00    1.1611e+00   -7.6245e-02   -9.0282e-02
   53.5    1.0303e+00    1.1611e+00   -1.1266e-01   -7.0998e-02
   56.5    9.9047e-01    1.1611e+00   -1.4693e-01   -7.1481e-02
   59.5    9.5578e-01    1.1611e+00   -1.7681e-01   -9.2093e-02
   62.5    9.0517e-01    1.1611e+00   -2.2040e-01   -1.1998e-01
   65.5    9.0759e-01    1.1611e+00   -2.1831e-01   -1.2627e-01
   68.5    1.0066e+00    1.1611e+00   -1.3302e-01   -9.5499e-02
   71.5    1.0989e+00    1.1611e+00   -5.3568e-02   -5.6476e-02
   74.5    1.2415e+00    1.1611e+00    6.9303e-02   -6.7078e-03
   77.5    1.4825e+00    1.1611e+00    2.7681e-01    6.0568e-02
   80.5    1.7035e+00    1.1611e+00    4.6717e-01    1.2914e-01
   83.5    1.6883e+00    1.1611e+00    4.5407e-01    1.5088e-01
   86.5    1.5107e+00    1.1611e+00    3.0117e-01    1.4443e-01
   89.5    1.4217e+00    1.1611e+00    2.2446e-01    1.4114e-01
   92.5    1.4622e+00    1.1611e+00    2.5938e-01    1.4336e-01
   95.5    1.5855e+00    1.1611e+00    3.6555e-01    1.3681e-01
   98.5    1.6616e+00    1.1611e+00    4.3107e-01    1.5691e-01
  101.5    1.5525e+00    1.1611e+00    3.3712e-01    1.3045e-01
  104.5    1.2844e+00    1.1611e+00    1.0622e-01    7.4158e-02
  107.5    1.0455e+00    1.1611e+00   -9.9542e-02    5.0826e-03
  110.5    9.2624e-01    1.1611e+00   -2.0225e-01   -4.0763e-02
  113.5    8.7286e-01    1.1611e+00   -2.4823e-01   -7.2852e-02
  116.5    8.6902e-01    1.1611e+00   -2.5153e-01   -9.6304e-02
  119.5    9.8409e-01    1.1611e+00   -1.5242e-01   -8.2500e-02
  122.5    1.0974e+00    1.1611e+00   -5.4836e-02   -4.2045e-02
  125.5    1.1032e+00    1.1611e+00   -4.9879e-02   -1.7634e-02
  128.5    1.0643e+00    1.1611e+00   -8.3336e-02   -2.5071e-02
  131.5    1.0438e+00    1.1611e+00   -1.0098e-01   -3.2089e-02
  134.5    1.1100e+00    1.1611e+00   -4.3999e-02   -4.7782e-03
  137.5    1.1249e+00    1.1611e+00   -3.1134e-02    1.6260e-02
  140.5    1.0701e+00    1.1611e+00   -7.8369e-02    4.2243e-02
  143.5    1.0022e+00    1.1611e+00   -1.3685e-01    1.7848e-02
  146.5    9.3051e-01    1.1611e+00   -1.9858e-01   -3.0248e-03
  149.5    8.2892e-01    1.1611e+00   -2.8607e-01   -3.4591e-02
  152.5    7.6837e-01    1.1611e+00   -3.3822e-01   -6.3449e-02
  155.5    7.8619e-01    1.1611e+00   -3.2287e-01   -1.9590e-02
  158.5    8.6979e-01    1.1611e+00   -2.5087e-01    7.0214e-03
  161.5    9.7939e-01    1.1611e+00   -1.5648e-01    2.5263e-02
  164.5    1.0310e+00    1.1611e+00   -1.1204e-01    1.0204e-02
  167.5    1.1522e+00    1.1611e+00   -7.6303e-03    3.2572e-02
  170.5    1.3547e+00    1.1611e+00    1.6675e-01    5.7242e-02
  173.5    1.4526e+00    1.1611e+00    2.5106e-01    5.8560e-02
  176.5    1.5033e+00    1.1611e+00    2.9472e-01    8.1437e-02
  179.5    1.5424e+00    1.1611e+00    3.2843e-01    8.4723e-02
  182.5    1.4977e+00    1.1611e+00    2.8990e-01    5.2022e-02
  185.5    1.4553e+00    1.1611e+00    2.5341e-01    3.8254e-02
  188.5    1.4271e+00    1.1611e+00    2.2916e-01    5.6952e-02
  191.5    1.3119e+00    1.1611e+00    1.2994e-01    4.2229e-02
  194.5    1.1164e+00    1.1611e+00   -3.8496e-02    4.9398e-03
  197.5    1.0339e+00    1.1611e+00   -1.0953e-01   -2.1054e-02
  200.5    9.9858e-01    1.1611e+00   -1.3995e-01   -2.4589e-02
  203.5    9.2799e-01    1.1611e+00   -2.0074e-01   -6.1014e-02
  206.5    8.2821e-01    1.1611e+00   -2.8669e-01   -9.1247e-02
  209.5    8.2721e-01    1.1611e+00   -2.8754e-01   -1.2261e-01
  212.5    9.3240e-01    1.1611e+00   -1.9695e-01   -1.0222e-01
  215.5    1.0295e+00    1.1611e+00   -1.1329e-01   -6.9931e-02
  218.5    1.0887e+00    1.1611e+00   -6.2367e-02   -4.5817e-02
  221.5    1.1466e+00    1.1611e+00   -1.2484e-02   -1.5664e-02
  224.5    1.1451e+00    1.1611e+00   -1.3768e-02   -2.9926e-02
  227.5    1.0711e+00    1.1611e+00   -7.7501e-02   -5.7961e-02
  230.5    1.0395e+00    1.1611e+00   -1.0471e-01   -9.0282e-02
  233.5    1.0626e+00    1.1611e+00   -8.4781e-02   -7.0998e-02
  236.5    1.0877e+00    1.1611e+00   -6.3230e-02   -7.1481e-02
  239.5    1.0179e+00    1.1611e+00   -1.2329e-01   -9.2093e-02
  242.5    8.8218e-01    1.1611e+00   -2.4019e-01   -1.1998e-01
  245.5    8.3513e-01    1.1611e+00   -2.8072e-01   -1.2627e-01
  248.5    8.7829e-01    1.1611e+00   -2.4355e-01   -9.5499e-02
  251.5    9.7426e-01    1.1611e+00   -1.6089e-01   -5.6476e-02
  254.5    1.1735e+00    1.1611e+00    1.0691e-02   -6.7078e-03
  257.5    1.4905e+00    1.1611e+00    2.8372e-01    6.0568e-02
  260.5    1.6338e+00    1.1611e+00    4.0720e-01    1.2914e-01
  263.5    1.6012e+00    1.1611e+00    3.7908e-01    1.5088e-01
  266.5    1.4768e+00    1.1611e+00    2.7193e-01    1.4443e-01
  269.5    1.4198e+00    1.1611e+00    2.2281e-01    1.4114e-01
  272.5    1.4658e+00    1.1611e+00    2.6248e-01    1.4336e-01
  275.5    1.6224e+00    1.1611e+00    3.9733e-01    1.3681e-01
  278.5    1.7323e+00    1.1611e+00    4.9198e-01    1.5691e-01
  281.5    1.6157e+00    1.1611e+00    3.9157e-01    1.3045e-01
  284.5    1.3398e+00    1.1611e+00    1.5393e-01    7.4158e-02
  287.5    1.1453e+00    1.1611e+00   -1.3549e-02    5.0826e-03
  290.5    1.0440e+00    1.1611e+00   -1.0085e-01   -4.0762e-02
  293.5    9.2451e-01    1.1611e+00   -2.0374e-01   -7.2852e-02
  296.5    8.8883e-01    1.1611e+00   -2.3447e-01   -9.6304e-02
  299.5    9.2460e-01    1.1611e+00   -2.0366e-01   -8.2500e-02
  302.5    9.5522e-01    1.1611e+00   -1.7729e-01   -4.2045e-02
  305.5    9.7607e-01    1.1611e+00   -1.5933e-01   -1.7635e-02
  308.5    1.0119e+00    1.1611e+00   -1.2851e-01   -2.5071e-02
  311.5    1.0709e+00    1.1611e+00   -7.7642e-02   -3.2089e-02
  314.5    1.1584e+00    1.1611e+00   -2.3195e-03   -4.7782e-03
  317.5    1.2370e+00    1.1611e+00    6.5439e-02    1.6260e-02
  320.5    1.1938e+00    1.1611e+00    2.8154e-02    4.2243e-02
  323.5    1.0533e+00    1.1611e+00   -9.2809e-02    1.7848e-02
  326.5    9.3355e-01    1.1611e+00   -1.9596e-01   -3.0247e-03
  329.5    8.9904e-01    1.1611e+00   -2.2568e-01   -3.4591e-02
  332.5    8.9943e-01    1.1611e+00   -2.2534e-01   -6.3449e-02
  335.5    9.2777e-01    1.1611e+00   -2.0093e-01   -1.9590e-02
  338.5    9.8078e-01    1.1611e+00   -1.5527e-01    7.0214e-03
  341.5    1.0006e+00    1.1611e+00   -1.3818e-01    2.5263e-02
  344.5    1.0535e+00    1.1611e+00   -9.2641e-02    1.0204e-02
  347.5    1.2153e+00    1.1611e+00    4.6701e-02    3.2572e-02
  350.5    1.4523e+00    1.1611e+00    2.5083e-01    5.7242e-02
  353.5    1.6541e+00    1.1611e+00    4.2460e-01    5.8560e-02
  356.5    1.7964e+00    1.1611e+00    5.4716e-01    8.1437e-02
  359.5    1.8615e+00    1.1611e+00    6.0323e-01    8.4723e-02
  --
     2.5    1.8569e+00    1.2239e+00    5.1724e-01    5.2022e-02
    5.5    1.6748e+00    1.2239e+00    3.6843e-01    3.8254e-02
    8.5    1.4306e+00    1.2239e+00    1.6890e-01    5.6952e-02
   11.5    1.1879e+00    1.2239e+00   -2.9408e-02    4.2229e-02
   14.5    1.0212e+00    1.2239e+00   -1.6558e-01    4.9398e-03
   17.5    9.8274e-01    1.2239e+00   -1.9704e-01   -2.1054e-02
   20.5    1.0365e+00    1.2239e+00   -1.5312e-01   -2.4589e-02
   23.5    1.0290e+00    1.2239e+00   -1.5923e-01   -6.1014e-02
   26.5    9.3965e-01    1.2239e+00   -2.3224e-01   -9.1247e-02
   29.5    8.7358e-01    1.2239e+00   -2.8623e-01   -1.2261e-01
   32.5    8.7597e-01    1.2239e+00   -2.8427e-01   -1.0222e-01
   35.5    1.0232e+00    1.2239e+00   -1.6394e-01   -6.9931e-02
   38.5    1.2040e+00    1.2239e+00   -1.6232e-02   -4.5817e-02
   41.5    1.2587e+00    1.2239e+00    2.8453e-02   -1.5664e-02
   44.5    1.1959e+00    1.2239e+00   -2.2847e-02   -2.9926e-02
   47.5    1.1510e+00    1.2239e+00   -5.9556e-02   -5.7961e-02
   50.5    1.1592e+00    1.2239e+00   -5.2887e-02   -9.0282e-02
   53.5    1.1045e+00    1.2239e+00   -9.7535e-02   -7.0998e-02
   56.5    1.0416e+00    1.2239e+00   -1.4897e-01   -7.1481e-02
   59.5    1.0097e+00    1.2239e+00   -1.7501e-01   -9.2093e-02
   62.5    9.7809e-01    1.2239e+00   -2.0084e-01   -1.1998e-01
   65.5    9.7658e-01    1.2239e+00   -2.0207e-01   -1.2627e-01
   68.5    1.0570e+00    1.2239e+00   -1.3640e-01   -9.5499e-02
   71.5    1.1327e+00    1.2239e+00   -7.4493e-02   -5.6476e-02
   74.5    1.2577e+00    1.2239e+00    2.7602e-02   -6.7078e-03
   77.5    1.5073e+00    1.2239e+00    2.3159e-01    6.0568e-02
   80.5    1.7524e+00    1.2239e+00    4.3182e-01    1.2914e-01
   83.5    1.7350e+00    1.2239e+00    4.1758e-01    1.5088e-01
   86.5    1.5458e+00    1.2239e+00    2.6298e-01    1.4443e-01
   89.5    1.4398e+00    1.2239e+00    1.7638e-01    1.4114e-01
   92.5    1.4708e+00    1.2239e+00    2.0171e-01    1.4336e-01
   95.5    1.6048e+00    1.2239e+00    3.1121e-01    1.3681e-01
   98.5    1.6986e+00    1.2239e+00    3.8788e-01    1.5691e-01
  101.5    1.6057e+00    1.2239e+00    3.1197e-01    1.3045e-01
  104.5    1.3145e+00    1.2239e+00    7.4041e-02    7.4158e-02
  107.5    1.0780e+00    1.2239e+00   -1.1918e-01    5.0826e-03
  110.5    9.7715e-01    1.2239e+00   -2.0160e-01   -4.0763e-02
  113.5    9.4582e-01    1.2239e+00   -2.2721e-01   -7.2852e-02
  116.5    9.6003e-01    1.2239e+00   -2.1559e-01   -9.6304e-02
  119.5    1.0557e+00    1.2239e+00   -1.3738e-01   -8.2500e-02
  122.5    1.1755e+00    1.2239e+00   -3.9526e-02   -4.2045e-02
  125.5    1.1715e+00    1.2239e+00   -4.2823e-02   -1.7634e-02
  128.5    1.1341e+00    1.2239e+00   -7.3356e-02   -2.5071e-02
  131.5    1.1418e+00    1.2239e+00   -6.7099e-02   -3.2089e-02
  134.5    1.2111e+00    1.2239e+00   -1.0456e-02   -4.7782e-03
  137.5    1.1962e+00    1.2239e+00   -2.2593e-02    1.6260e-02
  140.5    1.1470e+00    1.2239e+00   -6.2852e-02    4.2243e-02
  143.5    1.0923e+00    1.2239e+00   -1.0756e-01    1.7848e-02
  146.5    1.0320e+00    1.2239e+00   -1.5682e-01   -3.0248e-03
  149.5    9.2300e-01    1.2239e+00   -2.4585e-01   -3.4591e-02
  152.5    8.6051e-01    1.2239e+00   -2.9691e-01   -6.3449e-02
  155.5    8.3895e-01    1.2239e+00   -3.1453e-01   -1.9590e-02
  158.5    8.9239e-01    1.2239e+00   -2.7086e-01    7.0214e-03
  161.5    9.9329e-01    1.2239e+00   -1.8842e-01    2.5263e-02
  164.5    1.0633e+00    1.2239e+00   -1.3121e-01    1.0204e-02
  167.5    1.2271e+00    1.2239e+00    2.6361e-03    3.2572e-02
  170.5    1.4851e+00    1.2239e+00    2.1343e-01    5.7242e-02
  173.5    1.6027e+00    1.2239e+00    3.0947e-01    5.8560e-02
  176.5    1.6352e+00    1.2239e+00    3.3605e-01    8.1437e-02
  179.5    1.6467e+00    1.2239e+00    3.4544e-01    8.4723e-02
  182.5    1.6242e+00    1.2239e+00    3.2708e-01    5.2022e-02
  185.5    1.5849e+00    1.2239e+00    2.9497e-01    3.8254e-02
  188.5    1.5602e+00    1.2239e+00    2.7481e-01    5.6952e-02
  191.5    1.4443e+00    1.2239e+00    1.8012e-01    4.2229e-02
  194.5    1.2025e+00    1.2239e+00   -1.7491e-02    4.9398e-03
  197.5    1.0837e+00    1.2239e+00   -1.1457e-01   -2.1054e-02
  200.5    1.0116e+00    1.2239e+00   -1.7349e-01   -2.4589e-02
  203.5    9.4856e-01    1.2239e+00   -2.2496e-01   -6.1014e-02
  206.5    8.6788e-01    1.2239e+00   -2.9088e-01   -9.1247e-02
  209.5    8.9612e-01    1.2239e+00   -2.6781e-01   -1.2261e-01
  212.5    1.0178e+00    1.2239e+00   -1.6837e-01   -1.0222e-01
  215.5    1.1275e+00    1.2239e+00   -7.8756e-02   -6.9931e-02
  218.5    1.1691e+00    1.2239e+00   -4.4760e-02   -4.5817e-02
  221.5    1.2048e+00    1.2239e+00   -1.5562e-02   -1.5664e-02
  224.5    1.2218e+00    1.2239e+00   -1.7386e-03   -2.9926e-02
  227.5    1.1681e+00    1.2239e+00   -4.5568e-02   -5.7961e-02
  230.5    1.1078e+00    1.2239e+00   -9.4831e-02   -9.0282e-02
  233.5    1.1109e+00    1.2239e+00   -9.2309e-02   -7.0998e-02
  236.5    1.1588e+00    1.2239e+00   -5.3192e-02   -7.1481e-02
  239.5    1.1167e+00    1.2239e+00   -8.7578e-02   -9.2093e-02
  242.5    9.8578e-01    1.2239e+00   -1.9456e-01   -1.1998e-01
  245.5    9.2596e-01    1.2239e+00   -2.4343e-01   -1.2627e-01
  248.5    9.2783e-01    1.2239e+00   -2.4190e-01   -9.5499e-02
  251.5    1.0044e+00    1.2239e+00   -1.7938e-01   -5.6476e-02
  254.5    1.2100e+00    1.2239e+00   -1.1363e-02   -6.7078e-03
  257.5    1.5470e+00    1.2239e+00    2.6399e-01    6.0568e-02
  260.5    1.7000e+00    1.2239e+00    3.8904e-01    1.2914e-01
  263.5    1.6471e+00    1.2239e+00    3.4579e-01    1.5088e-01
  266.5    1.4995e+00    1.2239e+00    2.2522e-01    1.4443e-01
  269.5    1.4220e+00    1.2239e+00    1.6187e-01    1.4114e-01
  272.5    1.5015e+00    1.2239e+00    2.2682e-01    1.4336e-01
  275.5    1.7026e+00    1.2239e+00    3.9111e-01    1.3681e-01
  278.5    1.8150e+00    1.2239e+00    4.8299e-01    1.5691e-01
  281.5    1.6465e+00    1.2239e+00    3.4527e-01    1.3045e-01
  284.5    1.3627e+00    1.2239e+00    1.1343e-01    7.4158e-02
  287.5    1.1667e+00    1.2239e+00   -4.6741e-02    5.0826e-03
  290.5    1.0845e+00    1.2239e+00   -1.1387e-01   -4.0762e-02
  293.5    9.9281e-01    1.2239e+00   -1.8881e-01   -7.2852e-02
  296.5    9.5240e-01    1.2239e+00   -2.2183e-01   -9.6304e-02
  299.5    9.8031e-01    1.2239e+00   -1.9902e-01   -8.2500e-02
  302.5    1.0086e+00    1.2239e+00   -1.7592e-01   -4.2045e-02
  305.5    1.0483e+00    1.2239e+00   -1.4346e-01   -1.7635e-02
  308.5    1.1012e+00    1.2239e+00   -1.0026e-01   -2.5071e-02
  311.5    1.1511e+00    1.2239e+00   -5.9459e-02   -3.2089e-02
  314.5    1.2332e+00    1.2239e+00    7.5920e-03   -4.7782e-03
  317.5    1.3087e+00    1.2239e+00    6.9292e-02    1.6260e-02
  320.5    1.2683e+00    1.2239e+00    3.6258e-02    4.2243e-02
  323.5    1.1312e+00    1.2239e+00   -7.5765e-02    1.7848e-02
  326.5    9.8971e-01    1.2239e+00   -1.9134e-01   -3.0247e-03
  329.5    9.2511e-01    1.2239e+00   -2.4413e-01   -3.4591e-02
  332.5    9.3101e-01    1.2239e+00   -2.3931e-01   -6.3449e-02
  335.5    9.5519e-01    1.2239e+00   -2.1954e-01   -1.9590e-02
  338.5    1.0013e+00    1.2239e+00   -1.8184e-01    7.0214e-03
  341.5    1.0133e+00    1.2239e+00   -1.7208e-01    2.5263e-02
  344.5    1.0589e+00    1.2239e+00   -1.3483e-01    1.0204e-02
  347.5    1.2478e+00    1.2239e+00    1.9531e-02    3.2572e-02
  350.5    1.5498e+00    1.2239e+00    2.6629e-01    5.7242e-02
  353.5    1.7599e+00    1.2239e+00    4.3794e-01    5.8560e-02
  356.5    1.9074e+00    1.2239e+00    5.5851e-01    8.1437e-02
  359.5    1.9554e+00    1.2239e+00    5.9766e-01    8.4723e-02
  --
    2.5    1.9116e+00    1.2748e+00    4.9956e-01    5.2022e-02
    5.5    1.7342e+00    1.2748e+00    3.6040e-01    3.8254e-02
    8.5    1.4901e+00    1.2748e+00    1.6887e-01    5.6952e-02
   11.5    1.2322e+00    1.2748e+00   -3.3439e-02    4.2229e-02
   14.5    1.0281e+00    1.2748e+00   -1.9354e-01    4.9398e-03
   17.5    9.8299e-01    1.2748e+00   -2.2890e-01   -2.1054e-02
   20.5    1.0403e+00    1.2748e+00   -1.8395e-01   -2.4589e-02
   23.5    1.0528e+00    1.2748e+00   -1.7411e-01   -6.1014e-02
   26.5    9.9091e-01    1.2748e+00   -2.2269e-01   -9.1247e-02
   29.5    9.2767e-01    1.2748e+00   -2.7230e-01   -1.2261e-01
   32.5    9.3634e-01    1.2748e+00   -2.6550e-01   -1.0222e-01
   35.5    1.0961e+00    1.2748e+00   -1.4020e-01   -6.9931e-02
   38.5    1.2658e+00    1.2748e+00   -7.0442e-03   -4.5817e-02
   41.5    1.3070e+00    1.2748e+00    2.5302e-02   -1.5664e-02
   44.5    1.2484e+00    1.2748e+00   -2.0694e-02   -2.9926e-02
   47.5    1.2323e+00    1.2748e+00   -3.3320e-02   -5.7961e-02
   50.5    1.2340e+00    1.2748e+00   -3.1969e-02   -9.0282e-02
   53.5    1.1568e+00    1.2748e+00   -9.2573e-02   -7.0998e-02
   56.5    1.0874e+00    1.2748e+00   -1.4702e-01   -7.1481e-02
   59.5    1.0550e+00    1.2748e+00   -1.7239e-01   -9.2093e-02
   62.5    1.0455e+00    1.2748e+00   -1.7990e-01   -1.1998e-01
   65.5    1.0719e+00    1.2748e+00   -1.5916e-01   -1.2627e-01
   68.5    1.1354e+00    1.2748e+00   -1.0938e-01   -9.5499e-02
   71.5    1.1849e+00    1.2748e+00   -7.0549e-02   -5.6476e-02
   74.5    1.2902e+00    1.2748e+00    1.2097e-02   -6.7078e-03
   77.5    1.5157e+00    1.2748e+00    1.8897e-01    6.0568e-02
   80.5    1.7528e+00    1.2748e+00    3.7494e-01    1.2914e-01
   83.5    1.7226e+00    1.2748e+00    3.5131e-01    1.5088e-01
   86.5    1.5237e+00    1.2748e+00    1.9522e-01    1.4443e-01
   89.5    1.4082e+00    1.2748e+00    1.0467e-01    1.4114e-01
   92.5    1.4481e+00    1.2748e+00    1.3595e-01    1.4336e-01
   95.5    1.5793e+00    1.2748e+00    2.3884e-01    1.3681e-01
   98.5    1.6970e+00    1.2748e+00    3.3119e-01    1.5691e-01
  101.5    1.6061e+00    1.2748e+00    2.5987e-01    1.3045e-01
  104.5    1.3430e+00    1.2748e+00    5.3540e-02    7.4158e-02
  107.5    1.1168e+00    1.2748e+00   -1.2397e-01    5.0826e-03
  110.5    1.0569e+00    1.2748e+00   -1.7092e-01   -4.0763e-02
  113.5    1.0405e+00    1.2748e+00   -1.8377e-01   -7.2852e-02
  116.5    1.0781e+00    1.2748e+00   -1.5430e-01   -9.6304e-02
  119.5    1.1532e+00    1.2748e+00   -9.5356e-02   -8.2500e-02
  122.5    1.2246e+00    1.2748e+00   -3.9351e-02   -4.2045e-02
  125.5    1.2019e+00    1.2748e+00   -5.7172e-02   -1.7634e-02
  128.5    1.1810e+00    1.2748e+00   -7.3545e-02   -2.5071e-02
  131.5    1.2248e+00    1.2748e+00   -3.9255e-02   -3.2089e-02
  134.5    1.2814e+00    1.2748e+00    5.1748e-03   -4.7782e-03
  137.5    1.2396e+00    1.2748e+00   -2.7595e-02    1.6260e-02
  140.5    1.1974e+00    1.2748e+00   -6.0730e-02    4.2243e-02
  143.5    1.1598e+00    1.2748e+00   -9.0231e-02    1.7848e-02
  146.5    1.1103e+00    1.2748e+00   -1.2905e-01   -3.0248e-03
  149.5    1.0310e+00    1.2748e+00   -1.9122e-01   -3.4591e-02
  152.5    9.6327e-01    1.2748e+00   -2.4437e-01   -6.3449e-02
  155.5    9.1588e-01    1.2748e+00   -2.8154e-01   -1.9590e-02
  158.5    9.2647e-01    1.2748e+00   -2.7324e-01    7.0214e-03
  161.5    1.0018e+00    1.2748e+00   -2.1418e-01    2.5263e-02
  164.5    1.0903e+00    1.2748e+00   -1.4476e-01    1.0204e-02
  167.5    1.3113e+00    1.2748e+00    2.8670e-02    3.2572e-02
  170.5    1.6321e+00    1.2748e+00    2.8025e-01    5.7242e-02
  173.5    1.7400e+00    1.2748e+00    3.6489e-01    5.8560e-02
  176.5    1.7405e+00    1.2748e+00    3.6529e-01    8.1437e-02
  179.5    1.7195e+00    1.2748e+00    3.4881e-01    8.4723e-02
  182.5    1.6958e+00    1.2748e+00    3.3025e-01    5.2022e-02
  185.5    1.7081e+00    1.2748e+00    3.3990e-01    3.8254e-02
  188.5    1.7036e+00    1.2748e+00    3.3638e-01    5.6952e-02
  191.5    1.5638e+00    1.2748e+00    2.2669e-01    4.2229e-02
  194.5    1.2940e+00    1.2748e+00    1.5099e-02    4.9398e-03
  197.5    1.1273e+00    1.2748e+00   -1.1569e-01   -2.1054e-02
  200.5    1.0333e+00    1.2748e+00   -1.8943e-01   -2.4589e-02
  203.5    9.8990e-01    1.2748e+00   -2.2348e-01   -6.1014e-02
  206.5    9.3392e-01    1.2748e+00   -2.6740e-01   -9.1247e-02
  209.5    9.8091e-01    1.2748e+00   -2.3053e-01   -1.2261e-01
  212.5    1.0892e+00    1.2748e+00   -1.4558e-01   -1.0222e-01
  215.5    1.1918e+00    1.2748e+00   -6.5134e-02   -6.9931e-02
  218.5    1.2088e+00    1.2748e+00   -5.1730e-02   -4.5817e-02
  221.5    1.2421e+00    1.2748e+00   -2.5649e-02   -1.5664e-02
  224.5    1.2773e+00    1.2748e+00    1.9399e-03   -2.9926e-02
  227.5    1.2489e+00    1.2748e+00   -2.0348e-02   -5.7961e-02
  230.5    1.1566e+00    1.2748e+00   -9.2677e-02   -9.0282e-02
  233.5    1.1397e+00    1.2748e+00   -1.0598e-01   -7.0998e-02
  236.5    1.1804e+00    1.2748e+00   -7.4050e-02   -7.1481e-02
  239.5    1.1895e+00    1.2748e+00   -6.6896e-02   -9.2093e-02
  242.5    1.0968e+00    1.2748e+00   -1.3966e-01   -1.1998e-01
  245.5    1.0452e+00    1.2748e+00   -1.8011e-01   -1.2627e-01
  248.5    1.0173e+00    1.2748e+00   -2.0196e-01   -9.5499e-02
  251.5    1.0624e+00    1.2748e+00   -1.6661e-01   -5.6476e-02
  254.5    1.2547e+00    1.2748e+00   -1.5748e-02   -6.7078e-03
  257.5    1.5798e+00    1.2748e+00    2.3929e-01    6.0568e-02
  260.5    1.7146e+00    1.2748e+00    3.4499e-01    1.2914e-01
  263.5    1.6220e+00    1.2748e+00    2.7237e-01    1.5088e-01
  266.5    1.4681e+00    1.2748e+00    1.5166e-01    1.4443e-01
  269.5    1.4040e+00    1.2748e+00    1.0137e-01    1.4114e-01
  272.5    1.4946e+00    1.2748e+00    1.7241e-01    1.4336e-01
  275.5    1.7136e+00    1.2748e+00    3.4423e-01    1.3681e-01
  278.5    1.8234e+00    1.2748e+00    4.3038e-01    1.5691e-01
  281.5    1.6604e+00    1.2748e+00    3.0248e-01    1.3045e-01
  284.5    1.3949e+00    1.2748e+00    9.4224e-02    7.4158e-02
  287.5    1.2189e+00    1.2748e+00   -4.3853e-02    5.0826e-03
  290.5    1.1638e+00    1.2748e+00   -8.7084e-02   -4.0762e-02
  293.5    1.0820e+00    1.2748e+00   -1.5124e-01   -7.2852e-02
  296.5    1.0258e+00    1.2748e+00   -1.9533e-01   -9.6304e-02
  299.5    1.0295e+00    1.2748e+00   -1.9245e-01   -8.2500e-02
  302.5    1.0534e+00    1.2748e+00   -1.7366e-01   -4.2045e-02
  305.5    1.0925e+00    1.2748e+00   -1.4300e-01   -1.7635e-02
  308.5    1.1705e+00    1.2748e+00   -8.1778e-02   -2.5071e-02
  311.5    1.2339e+00    1.2748e+00   -3.2100e-02   -3.2089e-02
  314.5    1.3005e+00    1.2748e+00    2.0198e-02   -4.7782e-03
  317.5    1.3428e+00    1.2748e+00    5.3312e-02    1.6260e-02
  320.5    1.3202e+00    1.2748e+00    3.5612e-02    4.2243e-02
  323.5    1.1882e+00    1.2748e+00   -6.7922e-02    1.7848e-02
  326.5    1.0438e+00    1.2748e+00   -1.8119e-01   -3.0247e-03
  329.5    9.7311e-01    1.2748e+00   -2.3665e-01   -3.4591e-02
  332.5    9.7805e-01    1.2748e+00   -2.3278e-01   -6.3449e-02
  335.5    9.9686e-01    1.2748e+00   -2.1802e-01   -1.9590e-02
  338.5    1.0125e+00    1.2748e+00   -2.0578e-01    7.0214e-03
  341.5    1.0218e+00    1.2748e+00   -1.9846e-01    2.5263e-02
  344.5    1.0751e+00    1.2748e+00   -1.5666e-01    1.0204e-02
  347.5    1.2996e+00    1.2748e+00    1.9480e-02    3.2572e-02
  350.5    1.6141e+00    1.2748e+00    2.6621e-01    5.7242e-02
  353.5    1.8218e+00    1.2748e+00    4.2910e-01    5.8560e-02
  356.5    1.9461e+00    1.2748e+00    5.2657e-01    8.1437e-02
  359.5    1.9910e+00    1.2748e+00    5.6184e-01    8.4723e-02