 67   1.000E-03
 46.00     9432.28202
 48.00     9736.16284
 50.00     9404.46424
 52.00     7991.88995
 54.00     6041.89235
 56.00     4228.79555
 58.00     2870.88028
 60.00     1936.57407
 62.00     1309.99893
 64.00      935.81230
 66.00      823.81121
 68.00      943.31882
 70.00     1183.76285
 72.00     1330.18529
 74.00     1284.75054
 76.00     1094.70599
 78.00      919.10320
 80.00      854.22021
 82.00      903.74068
 84.00     1056.49824
 86.00     1296.48913
 88.00     1574.56271
 90.00     1779.79084
 92.00     1872.23044
 94.00     1872.52208
 96.00     1781.17438
 98.00     1597.11301
100.00     1421.20197
102.00     1450.26667
104.00     1798.26390
106.00     2427.59393
108.00     3242.13089
110.00     4144.67783
112.00     4989.27818
114.00     5518.23249
116.00     5589.43981
118.00     5243.51877
120.00     4592.76136
122.00     3822.09182
124.00     3059.23477
126.00     2316.74836
128.00     1697.58107
130.00     1279.70663
132.00     1214.08971
134.00     1554.84133
136.00     2193.54532
138.00     2913.73018
140.00     3522.65635
142.00     3900.55384
144.00     3814.01117
146.00     3183.48220
148.00     2298.53780
150.00     1541.25944
152.00     1230.17521
154.00     1343.03990
156.00     1750.03040
158.00     2276.89454
160.00     2739.14111
162.00     2945.47703
164.00     2818.03539
166.00     2374.86500
168.00     1772.46280
170.00     1304.84192
172.00     1033.86541
174.00      900.91303
176.00      798.72554
178.00      717.12761
