    2.5    1.2856e+00    1.4421e+00   -1.0852e-01   -7.3360e-02
    5.5    1.2488e+00    1.4421e+00   -1.3407e-01   -7.8139e-02
    8.5    1.2211e+00    1.4421e+00   -1.5328e-01   -7.8969e-02
   11.5    1.1904e+00    1.4421e+00   -1.7457e-01   -8.5600e-02
   14.5    1.1732e+00    1.4421e+00   -1.8648e-01   -1.0013e-01
   17.5    1.1706e+00    1.4421e+00   -1.8830e-01   -9.0258e-02
   20.5    1.1988e+00    1.4421e+00   -1.6872e-01   -1.4015e-01
   23.5    1.2595e+00    1.4421e+00   -1.2662e-01   -1.1987e-01
   26.5    1.3259e+00    1.4421e+00   -8.0610e-02   -7.9925e-02
   29.5    1.4201e+00    1.4421e+00   -1.5253e-02   -4.1088e-02
   32.5    1.5135e+00    1.4421e+00    4.9466e-02   -2.4340e-02
   35.5    1.6136e+00    1.4421e+00    1.1886e-01    4.5851e-03
   38.5    1.7074e+00    1.4421e+00    1.8394e-01    6.0648e-03
   41.5    1.7452e+00    1.4421e+00    2.1013e-01    2.7344e-02
   44.5    1.7639e+00    1.4421e+00    2.2312e-01    4.1869e-02
   47.5    1.7562e+00    1.4421e+00    2.1777e-01    3.5239e-02
   50.5    1.7519e+00    1.4421e+00    2.1477e-01    8.5837e-03
   53.5    1.6510e+00    1.4421e+00    1.4486e-01   -1.1675e-02
   56.5    1.4989e+00    1.4421e+00    3.9361e-02   -1.3073e-02
   59.5    1.3474e+00    1.4421e+00   -6.5665e-02   -1.1970e-02
   62.5    1.2692e+00    1.4421e+00   -1.1988e-01    9.1389e-03
   65.5    1.2526e+00    1.4421e+00   -1.3141e-01    1.1732e-02
   68.5    1.3072e+00    1.4421e+00   -9.3557e-02    6.1386e-03
   71.5    1.3890e+00    1.4421e+00   -3.6882e-02    1.0172e-02
   74.5    1.4538e+00    1.4421e+00    8.0816e-03    3.1555e-02
   77.5    1.4956e+00    1.4421e+00    3.7103e-02    2.6940e-02
   80.5    1.5457e+00    1.4421e+00    7.1823e-02    2.4767e-02
   83.5    1.5876e+00    1.4421e+00    1.0087e-01    3.5684e-02
   86.5    1.6212e+00    1.4421e+00    1.2418e-01    5.0112e-02
   89.5    1.6482e+00    1.4421e+00    1.4289e-01    7.2766e-02
   92.5    1.6540e+00    1.4421e+00    1.4691e-01    7.3570e-02
   95.5    1.6729e+00    1.4421e+00    1.6004e-01    5.4511e-02
   98.5    1.6749e+00    1.4421e+00    1.6142e-01    5.0494e-02
  101.5    1.6725e+00    1.4421e+00    1.5975e-01    3.9668e-02
  104.5    1.6524e+00    1.4421e+00    1.4580e-01    4.1977e-02
  107.5    1.5803e+00    1.4421e+00    9.5828e-02    3.7733e-02
  110.5    1.5112e+00    1.4421e+00    4.7856e-02    2.1156e-02
  113.5    1.4466e+00    1.4421e+00    3.1132e-03   -1.0591e-03
  116.5    1.3859e+00    1.4421e+00   -3.8983e-02    1.2140e-03
  119.5    1.3507e+00    1.4421e+00   -6.3428e-02   -4.4353e-03
  122.5    1.3593e+00    1.4421e+00   -5.7449e-02    3.8970e-04
  125.5    1.3789e+00    1.4421e+00   -4.3869e-02    9.3223e-03
  128.5    1.3929e+00    1.4421e+00   -3.4166e-02    9.3470e-02
  131.5    1.4086e+00    1.4421e+00   -2.3251e-02    1.2150e-01
  134.5    1.4534e+00    1.4421e+00    7.8191e-03    1.4242e-01
  137.5    1.5020e+00    1.4421e+00    4.1543e-02    1.3691e-01
  140.5    1.5357e+00    1.4421e+00    6.4908e-02    1.1345e-01
  143.5    1.5290e+00    1.4421e+00    6.0205e-02    7.6630e-02
  146.5    1.4445e+00    1.4421e+00    1.6036e-03    5.8426e-02
  149.5    1.3249e+00    1.4421e+00   -8.1285e-02    4.2339e-02
  152.5    1.2023e+00    1.4421e+00   -1.6633e-01    7.2541e-03
  155.5    1.1367e+00    1.4421e+00   -2.1178e-01   -4.0501e-02
  158.5    1.0940e+00    1.4421e+00   -2.4139e-01   -8.4385e-02
  161.5    1.1046e+00    1.4421e+00   -2.3406e-01   -1.0258e-01
  164.5    1.1371e+00    1.4421e+00   -2.1150e-01   -9.2329e-02
  167.5    1.1934e+00    1.4421e+00   -1.7245e-01   -6.0048e-02
  170.5    1.2729e+00    1.4421e+00   -1.1735e-01   -4.2600e-02
  173.5    1.3406e+00    1.4421e+00   -7.0424e-02   -4.2425e-02
  176.5    1.3899e+00    1.4421e+00   -3.6222e-02   -5.7328e-02
  179.5    1.4334e+00    1.4421e+00   -6.0393e-03   -7.7630e-02
  182.5    1.4469e+00    1.4421e+00    3.2796e-03   -7.3360e-02
  185.5    1.4382e+00    1.4421e+00   -2.7428e-03   -7.8139e-02
  188.5    1.3617e+00    1.4421e+00   -5.5811e-02   -7.8969e-02
  191.5    1.3123e+00    1.4421e+00   -9.0011e-02   -8.5600e-02
  194.5    1.2444e+00    1.4421e+00   -1.3710e-01   -1.0013e-01
  197.5    1.1708e+00    1.4421e+00   -1.8818e-01   -9.0258e-02
  200.5    1.1352e+00    1.4421e+00   -2.1282e-01   -1.4015e-01
  203.5    1.1334e+00    1.4421e+00   -2.1409e-01   -1.1987e-01
  206.5    1.1654e+00    1.4421e+00   -1.9191e-01   -7.9925e-02
  209.5    1.2585e+00    1.4421e+00   -1.2730e-01   -4.1088e-02
  212.5    1.3917e+00    1.4421e+00   -3.5002e-02   -2.4340e-02
  215.5    1.4914e+00    1.4421e+00    3.4138e-02    4.5851e-03
  218.5    1.5414e+00    1.4421e+00    6.8795e-02    6.0648e-03
  221.5    1.5180e+00    1.4421e+00    5.2613e-02    2.7344e-02
  224.5    1.4838e+00    1.4421e+00    2.8880e-02    4.1868e-02
  227.5    1.4132e+00    1.4421e+00   -2.0058e-02    3.5239e-02
  230.5    1.3570e+00    1.4421e+00   -5.9026e-02    8.5837e-03
  233.5    1.3193e+00    1.4421e+00   -8.5145e-02   -1.1675e-02
  236.5    1.2860e+00    1.4421e+00   -1.0824e-01   -1.3073e-02
  239.5    1.2819e+00    1.4421e+00   -1.1108e-01   -1.1970e-02
  242.5    1.3283e+00    1.4421e+00   -7.8933e-02    9.1389e-03
  245.5    1.3984e+00    1.4421e+00   -3.0359e-02    1.1732e-02
  248.5    1.4795e+00    1.4421e+00    2.5930e-02    6.1386e-03
  251.5    1.5979e+00    1.4421e+00    1.0802e-01    1.0172e-02
  254.5    1.6876e+00    1.4421e+00    1.7020e-01    3.1555e-02
  257.5    1.7455e+00    1.4421e+00    2.1037e-01    2.6940e-02
  260.5    1.7360e+00    1.4421e+00    2.0378e-01    2.4767e-02
  263.5    1.7389e+00    1.4421e+00    2.0579e-01    3.5684e-02
  266.5    1.7342e+00    1.4421e+00    2.0254e-01    5.0112e-02
  269.5    1.7251e+00    1.4421e+00    1.9620e-01    7.2766e-02
  272.5    1.7142e+00    1.4421e+00    1.8866e-01    7.3570e-02
  275.5    1.6968e+00    1.4421e+00    1.7658e-01    5.4511e-02
  278.5    1.6851e+00    1.4421e+00    1.6850e-01    5.0494e-02
  281.5    1.6832e+00    1.4421e+00    1.6719e-01    3.9668e-02
  284.5    1.6457e+00    1.4421e+00    1.4118e-01    4.1977e-02
  287.5    1.5591e+00    1.4421e+00    8.1104e-02    3.7733e-02
  290.5    1.4257e+00    1.4421e+00   -1.1397e-02    2.1156e-02
  293.5    1.3295e+00    1.4421e+00   -7.8083e-02   -1.0591e-03
  296.5    1.3294e+00    1.4421e+00   -7.8153e-02    1.2140e-03
  299.5    1.4182e+00    1.4421e+00   -1.6587e-02   -4.4353e-03
  302.5    1.5339e+00    1.4421e+00    6.3629e-02    3.8970e-04
  305.5    1.6268e+00    1.4421e+00    1.2805e-01    9.3223e-03
  308.5    1.6865e+00    1.4421e+00    1.6942e-01    9.3470e-02
  311.5    1.7049e+00    1.4421e+00    1.8218e-01    1.2150e-01
  314.5    1.7119e+00    1.4421e+00    1.8709e-01    1.4242e-01
  317.5    1.7548e+00    1.4421e+00    2.1683e-01    1.3691e-01
  320.5    1.7658e+00    1.4421e+00    2.2441e-01    1.1345e-01
  323.5    1.7117e+00    1.4421e+00    1.8690e-01    7.6630e-02
  326.5    1.5965e+00    1.4421e+00    1.0705e-01    5.8426e-02
  329.5    1.4654e+00    1.4421e+00    1.6101e-02    4.2339e-02
  332.5    1.3472e+00    1.4421e+00   -6.5849e-02    7.2542e-03
  335.5    1.2651e+00    1.4421e+00   -1.2275e-01   -4.0501e-02
  338.5    1.1895e+00    1.4421e+00   -1.7515e-01   -8.4385e-02
  341.5    1.1700e+00    1.4421e+00   -1.8869e-01   -1.0258e-01
  344.5    1.1767e+00    1.4421e+00   -1.8407e-01   -9.2329e-02
  347.5    1.2193e+00    1.4421e+00   -1.5450e-01   -6.0048e-02
  350.5    1.2406e+00    1.4421e+00   -1.3975e-01   -4.2600e-02
  353.5    1.2587e+00    1.4421e+00   -1.2720e-01   -4.2425e-02
  356.5    1.2826e+00    1.4421e+00   -1.1061e-01   -5.7328e-02
  359.5    1.2906e+00    1.4421e+00   -1.0506e-01   -7.7630e-02

