    2.5    1.2310e+00    1.4016e+00   -1.2173e-01   -7.3360e-02
    5.5    1.2104e+00    1.4016e+00   -1.3640e-01   -7.8139e-02
    8.5    1.1688e+00    1.4016e+00   -1.6607e-01   -7.8969e-02
   11.5    1.1522e+00    1.4016e+00   -1.7796e-01   -8.5600e-02
   14.5    1.1335e+00    1.4016e+00   -1.9130e-01   -1.0013e-01
   17.5    1.1412e+00    1.4016e+00   -1.8583e-01   -9.0258e-02
   20.5    1.1641e+00    1.4016e+00   -1.6948e-01   -1.4015e-01
   23.5    1.2219e+00    1.4016e+00   -1.2821e-01   -1.1987e-01
   26.5    1.2979e+00    1.4016e+00   -7.3966e-02   -7.9925e-02
   29.5    1.3748e+00    1.4016e+00   -1.9127e-02   -4.1088e-02
   32.5    1.4851e+00    1.4016e+00    5.9594e-02   -2.4340e-02
   35.5    1.6013e+00    1.4016e+00    1.4248e-01    4.5851e-03
   38.5    1.7028e+00    1.4016e+00    2.1492e-01    6.0648e-03
   41.5    1.7359e+00    1.4016e+00    2.3851e-01    2.7344e-02
   44.5    1.7402e+00    1.4016e+00    2.4158e-01    4.1869e-02
   47.5    1.7456e+00    1.4016e+00    2.4539e-01    3.5239e-02
   50.5    1.7165e+00    1.4016e+00    2.2470e-01    8.5837e-03
   53.5    1.6251e+00    1.4016e+00    1.5942e-01   -1.1675e-02
   56.5    1.4600e+00    1.4016e+00    4.1648e-02   -1.3073e-02
   59.5    1.3101e+00    1.4016e+00   -6.5276e-02   -1.1970e-02
   62.5    1.2174e+00    1.4016e+00   -1.3140e-01    9.1389e-03
   65.5    1.2213e+00    1.4016e+00   -1.2863e-01    1.1732e-02
   68.5    1.2793e+00    1.4016e+00   -8.7288e-02    6.1386e-03
   71.5    1.3574e+00    1.4016e+00   -3.1552e-02    1.0172e-02
   74.5    1.4050e+00    1.4016e+00    2.4166e-03    3.1555e-02
   77.5    1.4325e+00    1.4016e+00    2.2021e-02    2.6940e-02
   80.5    1.4777e+00    1.4016e+00    5.4281e-02    2.4767e-02
   83.5    1.5178e+00    1.4016e+00    8.2888e-02    3.5684e-02
   86.5    1.5559e+00    1.4016e+00    1.1010e-01    5.0112e-02
   89.5    1.5798e+00    1.4016e+00    1.2711e-01    7.2766e-02
   92.5    1.5914e+00    1.4016e+00    1.3544e-01    7.3570e-02
   95.5    1.6004e+00    1.4016e+00    1.4185e-01    5.4511e-02
   98.5    1.6056e+00    1.4016e+00    1.4554e-01    5.0494e-02
  101.5    1.6016e+00    1.4016e+00    1.4272e-01    3.9668e-02
  104.5    1.5885e+00    1.4016e+00    1.3331e-01    4.1977e-02
  107.5    1.5382e+00    1.4016e+00    9.7448e-02    3.7733e-02
  110.5    1.4779e+00    1.4016e+00    5.4395e-02    2.1156e-02
  113.5    1.4198e+00    1.4016e+00    1.2995e-02   -1.0591e-03
  116.5    1.3676e+00    1.4016e+00   -2.4294e-02    1.2140e-03
  119.5    1.3389e+00    1.4016e+00   -4.4711e-02   -4.4353e-03
  122.5    1.3348e+00    1.4016e+00   -4.7671e-02    3.8970e-04
  125.5    1.3483e+00    1.4016e+00   -3.8002e-02    9.3223e-03
  128.5    1.3595e+00    1.4016e+00   -3.0017e-02    9.3470e-02
  131.5    1.3901e+00    1.4016e+00   -8.1880e-03    1.2150e-01
  134.5    1.4518e+00    1.4016e+00    3.5843e-02    1.4242e-01
  137.5    1.4943e+00    1.4016e+00    6.6125e-02    1.3691e-01
  140.5    1.5046e+00    1.4016e+00    7.3485e-02    1.1345e-01
  143.5    1.4946e+00    1.4016e+00    6.6357e-02    7.6630e-02
  146.5    1.4237e+00    1.4016e+00    1.5734e-02    5.8426e-02
  149.5    1.2994e+00    1.4016e+00   -7.2900e-02    4.2339e-02
  152.5    1.1948e+00    1.4016e+00   -1.4758e-01    7.2541e-03
  155.5    1.1048e+00    1.4016e+00   -2.1178e-01   -4.0501e-02
  158.5    1.0483e+00    1.4016e+00   -2.5207e-01   -8.4385e-02
  161.5    1.0395e+00    1.4016e+00   -2.5836e-01   -1.0258e-01
  164.5    1.0754e+00    1.4016e+00   -2.3272e-01   -9.2329e-02
  167.5    1.1251e+00    1.4016e+00   -1.9727e-01   -6.0048e-02
  170.5    1.2006e+00    1.4016e+00   -1.4339e-01   -4.2600e-02
  173.5    1.2621e+00    1.4016e+00   -9.9559e-02   -4.2425e-02
  176.5    1.3291e+00    1.4016e+00   -5.1713e-02   -5.7328e-02
  179.5    1.3735e+00    1.4016e+00   -2.0021e-02   -7.7630e-02
  182.5    1.3769e+00    1.4016e+00   -1.7650e-02   -7.3360e-02
  185.5    1.3512e+00    1.4016e+00   -3.5975e-02   -7.8139e-02
  188.5    1.2954e+00    1.4016e+00   -7.5772e-02   -7.8969e-02
  191.5    1.2292e+00    1.4016e+00   -1.2303e-01   -8.5600e-02
  194.5    1.1598e+00    1.4016e+00   -1.7250e-01   -1.0013e-01
  197.5    1.1180e+00    1.4016e+00   -2.0236e-01   -9.0258e-02
  200.5    1.0928e+00    1.4016e+00   -2.2032e-01   -1.4015e-01
  203.5    1.0840e+00    1.4016e+00   -2.2660e-01   -1.1987e-01
  206.5    1.1412e+00    1.4016e+00   -1.8581e-01   -7.9925e-02
  209.5    1.2353e+00    1.4016e+00   -1.1864e-01   -4.1088e-02
  212.5    1.3608e+00    1.4016e+00   -2.9143e-02   -2.4340e-02
  215.5    1.4710e+00    1.4016e+00    4.9488e-02    4.5851e-03
  218.5    1.5232e+00    1.4016e+00    8.6777e-02    6.0648e-03
  221.5    1.5198e+00    1.4016e+00    8.4301e-02    2.7344e-02
  224.5    1.4714e+00    1.4016e+00    4.9797e-02    4.1868e-02
  227.5    1.3983e+00    1.4016e+00   -2.3601e-03    3.5239e-02
  230.5    1.3303e+00    1.4016e+00   -5.0903e-02    8.5837e-03
  233.5    1.2687e+00    1.4016e+00   -9.4819e-02   -1.1675e-02
  236.5    1.2469e+00    1.4016e+00   -1.1041e-01   -1.3073e-02
  239.5    1.2487e+00    1.4016e+00   -1.0909e-01   -1.1970e-02
  242.5    1.2971e+00    1.4016e+00   -7.4598e-02    9.1389e-03
  245.5    1.3738e+00    1.4016e+00   -1.9823e-02    1.1732e-02
  248.5    1.4723e+00    1.4016e+00    5.0406e-02    6.1386e-03
  251.5    1.5641e+00    1.4016e+00    1.1595e-01    1.0172e-02
  254.5    1.6654e+00    1.4016e+00    1.8822e-01    3.1555e-02
  257.5    1.6946e+00    1.4016e+00    2.0904e-01    2.6940e-02
  260.5    1.6901e+00    1.4016e+00    2.0584e-01    2.4767e-02
  263.5    1.6854e+00    1.4016e+00    2.0245e-01    3.5684e-02
  266.5    1.6854e+00    1.4016e+00    2.0246e-01    5.0112e-02
  269.5    1.6779e+00    1.4016e+00    1.9714e-01    7.2766e-02
  272.5    1.6565e+00    1.4016e+00    1.8187e-01    7.3570e-02
  275.5    1.6300e+00    1.4016e+00    1.6295e-01    5.4511e-02
  278.5    1.6235e+00    1.4016e+00    1.5833e-01    5.0494e-02
  281.5    1.6175e+00    1.4016e+00    1.5406e-01    3.9668e-02
  284.5    1.6007e+00    1.4016e+00    1.4204e-01    4.1977e-02
  287.5    1.5213e+00    1.4016e+00    8.5415e-02    3.7733e-02
  290.5    1.4102e+00    1.4016e+00    6.1296e-03    2.1156e-02
  293.5    1.3075e+00    1.4016e+00   -6.7163e-02   -1.0591e-03
  296.5    1.3074e+00    1.4016e+00   -6.7251e-02    1.2140e-03
  299.5    1.3839e+00    1.4016e+00   -1.2632e-02   -4.4353e-03
  302.5    1.4977e+00    1.4016e+00    6.8577e-02    3.8970e-04
  305.5    1.6013e+00    1.4016e+00    1.4246e-01    9.3223e-03
  308.5    1.6557e+00    1.4016e+00    1.8125e-01    9.3470e-02
  311.5    1.6765e+00    1.4016e+00    1.9610e-01    1.2150e-01
  314.5    1.6924e+00    1.4016e+00    2.0750e-01    1.4242e-01
  317.5    1.7078e+00    1.4016e+00    2.1846e-01    1.3691e-01
  320.5    1.7245e+00    1.4016e+00    2.3036e-01    1.1345e-01
  323.5    1.6740e+00    1.4016e+00    1.9433e-01    7.6630e-02
  326.5    1.5454e+00    1.4016e+00    1.0261e-01    5.8426e-02
  329.5    1.4113e+00    1.4016e+00    6.9098e-03    4.2339e-02
  332.5    1.3013e+00    1.4016e+00   -7.1580e-02    7.2542e-03
  335.5    1.2176e+00    1.4016e+00   -1.3126e-01   -4.0501e-02
  338.5    1.1594e+00    1.4016e+00   -1.7279e-01   -8.4385e-02
  341.5    1.1290e+00    1.4016e+00   -1.9448e-01   -1.0258e-01
  344.5    1.1319e+00    1.4016e+00   -1.9240e-01   -9.2329e-02
  347.5    1.1653e+00    1.4016e+00   -1.6860e-01   -6.0048e-02
  350.5    1.1896e+00    1.4016e+00   -1.5129e-01   -4.2600e-02
  353.5    1.2137e+00    1.4016e+00   -1.3409e-01   -4.2425e-02
  356.5    1.2357e+00    1.4016e+00   -1.1836e-01   -5.7328e-02
  359.5    1.2287e+00    1.4016e+00   -1.2336e-01   -7.7630e-02