                    40       4742.0000       4764.0000
                    42       4808.0000       4583.0000
                    44       4199.0000       3591.0000
                    46       1766.0000       2121.0000
                    48       398.00000       933.33333
                    50       636.00000       1465.0000
                    52       3361.0000       2838.6667
                    54       4519.0000       4373.3333
                    56       5240.0000       5083.3333
                    58       5491.0000       5428.6667
                    60       5555.0000       5696.3333
                    62       6043.0000       5897.0000
                    64       6093.0000       6018.6667
                    66       5920.0000       5927.6667
                    68       5770.0000       5711.0000
                    70       5443.0000       5206.3333
                    72       4406.0000       4741.3333
                    74       4375.0000       4086.6667
                    76       3479.0000       3423.3333
                    78       2416.0000       2596.3333
                    80       1894.0000       2098.3333
                    82       1985.0000       2065.3333
                    84       2317.0000       2359.6667
                    86       2777.0000       2797.6667
                    88       3299.0000       3230.3333
                    90       3615.0000       3440.3333
                    92       3407.0000       3400.3333
                    94       3179.0000       3116.3333
                    96       2763.0000       2791.0000
                    98       2431.0000       2480.0000
                   100       2246.0000       2421.3333
                   102       2587.0000       2506.0000
                   104       2685.0000       2680.0000
                   106       2768.0000       2705.3333
                   108       2663.0000       2607.0000
                   110       2390.0000       2394.0000
                   112       2129.0000       2102.6667
                   114       1789.0000       1740.0000
                   116       1302.0000       1474.0000
                   118       1331.0000       1346.3333
                   120       1406.0000       1420.0000
                   122       1523.0000       1525.6667
                   124       1648.0000       1606.3333
                   126       1648.0000       1476.3333
                   128       1133.0000       1452.0000
                   130       1575.0000       1438.3333
                   132       1607.0000       1629.6667
                   134       1707.0000       1697.6667
                   136       1779.0000       1776.6667
                   138       1844.0000       1844.6667
                   140       1911.0000       1858.3333
                   142       1820.0000       1779.6667
                   144       1608.0000       1641.0000
                   146       1495.0000       1420.0000
                   148       1157.0000       1146.6667
                   150       788.00000       848.00000
                   152       599.00000       598.66667
                   154       409.00000       440.66667
                   156       314.00000       347.00000
                   158       318.00000       291.33333
                   160       242.00000       322.66667
                   162       408.00000       355.33333
                   164       416.00000       381.66667
                   166       321.00000       418.66667
                   168       519.00000       428.66667
                   170       446.00000       495.33333
                   172       521.00000       479.66667
                   174       472.00000       540.66667
                   176       629.00000       595.66667
                   178       686.00000       707.33333
                   180       807.00000       743.66667
                   182       738.00000       633.66667
                   184       356.00000       556.66667
                   186       576.00000       560.00000
                   188       748.00000       663.00000
                   190       665.00000       740.00000
                   192       807.00000       705.66667
                   194       645.00000       691.66667
                   196       623.00000       624.00000
                   198       604.00000       587.66667
                   200       536.00000       532.00000
                   202       456.00000       494.00000
                   204       490.00000       422.33333
                   206       321.00000       425.00000
                   208       464.00000       388.66667
                   210       381.00000       484.00000
                   212       607.00000       556.66667
                   214       682.00000       614.00000
                   216       553.00000       634.66667
                   218       669.00000       582.00000