    2.5    1.3754e+00    1.5131e+00   -9.1006e-02   -7.5889e-03
    5.5    1.3619e+00    1.5131e+00   -9.9901e-02   -2.3170e-02
    8.5    1.3360e+00    1.5131e+00   -1.1704e-01   -3.5070e-02
   11.5    1.3295e+00    1.5131e+00   -1.2130e-01   -4.8471e-02
   14.5    1.3391e+00    1.5131e+00   -1.1500e-01   -6.3458e-02
   17.5    1.3696e+00    1.5131e+00   -9.4799e-02   -9.4863e-02
   20.5    1.3997e+00    1.5131e+00   -7.4950e-02   -1.2465e-01
   23.5    1.4339e+00    1.5131e+00   -5.2309e-02   -1.2548e-01
   26.5    1.4718e+00    1.5131e+00   -2.7292e-02   -1.2042e-01
   29.5    1.5116e+00    1.5131e+00   -9.9081e-04   -1.1012e-01
   32.5    1.5471e+00    1.5131e+00    2.2461e-02   -8.6479e-02
   35.5    1.6127e+00    1.5131e+00    6.5873e-02   -7.9162e-02
   38.5    1.6654e+00    1.5131e+00    1.0066e-01   -5.9097e-02
   41.5    1.6893e+00    1.5131e+00    1.1648e-01   -3.5128e-02
   44.5    1.7080e+00    1.5131e+00    1.2881e-01   -4.4299e-02
   47.5    1.7367e+00    1.5131e+00    1.4780e-01   -5.5987e-02
   50.5    1.7377e+00    1.5131e+00    1.4844e-01   -5.5506e-02
   53.5    1.6812e+00    1.5131e+00    1.1109e-01   -5.8821e-02
   56.5    1.5736e+00    1.5131e+00    4.0029e-02   -5.8608e-02
   59.5    1.4507e+00    1.5131e+00   -4.1254e-02   -5.2289e-02
   62.5    1.3698e+00    1.5131e+00   -9.4662e-02   -3.1103e-02
   65.5    1.3641e+00    1.5131e+00   -9.8466e-02   -2.0756e-02
   68.5    1.4258e+00    1.5131e+00   -5.7696e-02    1.1543e-02
   71.5    1.5202e+00    1.5131e+00    4.6881e-03    6.1076e-02
   74.5    1.6015e+00    1.5131e+00    5.8416e-02    8.9115e-02
   77.5    1.6298e+00    1.5131e+00    7.7136e-02    1.0950e-01
   80.5    1.6658e+00    1.5131e+00    1.0091e-01    1.2793e-01
   83.5    1.6921e+00    1.5131e+00    1.1835e-01    1.3487e-01
   86.5    1.7024e+00    1.5131e+00    1.2510e-01    1.2809e-01
   89.5    1.7004e+00    1.5131e+00    1.2383e-01    1.3114e-01
   92.5    1.7078e+00    1.5131e+00    1.2870e-01    1.2746e-01
   95.5    1.7254e+00    1.5131e+00    1.4033e-01    1.0948e-01
   98.5    1.7428e+00    1.5131e+00    1.5181e-01    9.8198e-02
  101.5    1.7335e+00    1.5131e+00    1.4568e-01    8.9333e-02
  104.5    1.7435e+00    1.5131e+00    1.5230e-01    7.9607e-02
  107.5    1.6971e+00    1.5131e+00    1.2163e-01    6.8283e-02
  110.5    1.6473e+00    1.5131e+00    8.8737e-02    2.7303e-02
  113.5    1.5652e+00    1.5131e+00    3.4449e-02   -1.6840e-02
  116.5    1.4861e+00    1.5131e+00   -1.7839e-02   -3.4927e-02
  119.5    1.4468e+00    1.5131e+00   -4.3824e-02   -3.8873e-02
  122.5    1.4654e+00    1.5131e+00   -3.1497e-02   -3.4597e-02
  125.5    1.4497e+00    1.5131e+00   -4.1862e-02   -4.0558e-02
  128.5    1.4417e+00    1.5131e+00   -4.7190e-02    5.3982e-02
  131.5    1.4400e+00    1.5131e+00   -4.8280e-02    5.5590e-02
  134.5    1.4559e+00    1.5131e+00   -3.7775e-02    7.8013e-02
  137.5    1.4843e+00    1.5131e+00   -1.8997e-02    6.9977e-02
  140.5    1.5012e+00    1.5131e+00   -7.8266e-03    5.1296e-02
  143.5    1.4944e+00    1.5131e+00   -1.2319e-02    2.3934e-02
  146.5    1.4530e+00    1.5131e+00   -3.9703e-02   -3.4034e-03
  149.5    1.3629e+00    1.5131e+00   -9.9242e-02   -1.9550e-02
  152.5    1.2994e+00    1.5131e+00   -1.4122e-01   -4.2495e-02
  155.5    1.2608e+00    1.5131e+00   -1.6670e-01   -5.0273e-02
  158.5    1.2634e+00    1.5131e+00   -1.6500e-01   -5.6894e-02
  161.5    1.2877e+00    1.5131e+00   -1.4897e-01   -5.1053e-02
  164.5    1.3303e+00    1.5131e+00   -1.2080e-01   -2.0808e-02
  167.5    1.3866e+00    1.5131e+00   -8.3584e-02    6.0883e-03
  170.5    1.4317e+00    1.5131e+00   -5.3810e-02    1.4565e-02
  173.5    1.4643e+00    1.5131e+00   -3.2222e-02    2.3179e-02
  176.5    1.4961e+00    1.5131e+00   -1.1186e-02    2.9450e-03
  179.5    1.5274e+00    1.5131e+00    9.4504e-03   -5.8935e-03
  182.5    1.5358e+00    1.5131e+00    1.5023e-02   -7.5889e-03
  185.5    1.5282e+00    1.5131e+00    1.0013e-02   -2.3170e-02
  188.5    1.5013e+00    1.5131e+00   -7.7583e-03   -3.5070e-02
  191.5    1.4780e+00    1.5131e+00   -2.3192e-02   -4.8471e-02
  194.5    1.4326e+00    1.5131e+00   -5.3202e-02   -6.3458e-02
  197.5    1.3807e+00    1.5131e+00   -8.7506e-02   -9.4864e-02
  200.5    1.3307e+00    1.5131e+00   -1.2051e-01   -1.2465e-01
  203.5    1.2956e+00    1.5131e+00   -1.4374e-01   -1.2548e-01
  206.5    1.3118e+00    1.5131e+00   -1.3303e-01   -1.2042e-01
  209.5    1.3631e+00    1.5131e+00   -9.9101e-02   -1.1012e-01
  212.5    1.4457e+00    1.5131e+00   -4.4546e-02   -8.6479e-02
  215.5    1.5131e+00    1.5131e+00    3.4809e-05   -7.9162e-02
  218.5    1.5347e+00    1.5131e+00    1.4267e-02   -5.9097e-02
  221.5    1.5335e+00    1.5131e+00    1.3481e-02   -3.5128e-02
  224.5    1.4969e+00    1.5131e+00   -1.0694e-02   -4.4299e-02
  227.5    1.4408e+00    1.5131e+00   -4.7770e-02   -5.5987e-02
  230.5    1.4104e+00    1.5131e+00   -6.7850e-02   -5.5506e-02
  233.5    1.3910e+00    1.5131e+00   -8.0666e-02   -5.8821e-02
  236.5    1.3710e+00    1.5131e+00   -9.3912e-02   -5.8608e-02
  239.5    1.3633e+00    1.5131e+00   -9.8990e-02   -5.2289e-02
  242.5    1.3749e+00    1.5131e+00   -9.1347e-02   -3.1103e-02
  245.5    1.4201e+00    1.5131e+00   -6.1437e-02   -2.0756e-02
  248.5    1.5056e+00    1.5131e+00   -4.9134e-03    1.1543e-02
  251.5    1.5858e+00    1.5131e+00    4.8077e-02    6.1076e-02
  254.5    1.6535e+00    1.5131e+00    9.2793e-02    8.9115e-02
  257.5    1.6852e+00    1.5131e+00    1.1374e-01    1.0950e-01
  260.5    1.6858e+00    1.5131e+00    1.1416e-01    1.2793e-01
  263.5    1.6822e+00    1.5131e+00    1.1176e-01    1.3487e-01
  266.5    1.6834e+00    1.5131e+00    1.1255e-01    1.2809e-01
  269.5    1.6903e+00    1.5131e+00    1.1714e-01    1.3114e-01
  272.5    1.6989e+00    1.5131e+00    1.2283e-01    1.2746e-01
  275.5    1.7228e+00    1.5131e+00    1.3864e-01    1.0948e-01
  278.5    1.7292e+00    1.5131e+00    1.4281e-01    9.8198e-02
  281.5    1.7225e+00    1.5131e+00    1.3838e-01    8.9333e-02
  284.5    1.6717e+00    1.5131e+00    1.0486e-01    7.9607e-02
  287.5    1.5600e+00    1.5131e+00    3.1044e-02    6.8283e-02
  290.5    1.4414e+00    1.5131e+00   -4.7399e-02    2.7303e-02
  293.5    1.3589e+00    1.5131e+00   -1.0192e-01   -1.6840e-02
  296.5    1.3672e+00    1.5131e+00   -9.6404e-02   -3.4927e-02
  299.5    1.4457e+00    1.5131e+00   -4.4520e-02   -3.8873e-02
  302.5    1.5442e+00    1.5131e+00    2.0552e-02   -3.4597e-02
  305.5    1.6354e+00    1.5131e+00    8.0860e-02   -4.0558e-02
  308.5    1.6755e+00    1.5131e+00    1.0737e-01    5.3982e-02
  311.5    1.6742e+00    1.5131e+00    1.0649e-01    5.5590e-02
  314.5    1.6833e+00    1.5131e+00    1.1250e-01    7.8012e-02
  317.5    1.7214e+00    1.5131e+00    1.3766e-01    6.9977e-02
  320.5    1.7525e+00    1.5131e+00    1.5821e-01    5.1297e-02
  323.5    1.7432e+00    1.5131e+00    1.5206e-01    2.3934e-02
  326.5    1.6731e+00    1.5131e+00    1.0577e-01   -3.4034e-03
  329.5    1.5578e+00    1.5131e+00    2.9565e-02   -1.9550e-02
  332.5    1.4642e+00    1.5131e+00   -3.2316e-02   -4.2495e-02
  335.5    1.4139e+00    1.5131e+00   -6.5528e-02   -5.0273e-02
  338.5    1.3809e+00    1.5131e+00   -8.7338e-02   -5.6894e-02
  341.5    1.3592e+00    1.5131e+00   -1.0172e-01   -5.1053e-02
  344.5    1.3344e+00    1.5131e+00   -1.1806e-01   -2.0808e-02
  347.5    1.3387e+00    1.5131e+00   -1.1527e-01    6.0883e-03
  350.5    1.3424e+00    1.5131e+00   -1.1281e-01    1.4565e-02
  353.5    1.3637e+00    1.5131e+00   -9.8743e-02    2.3179e-02
  356.5    1.3901e+00    1.5131e+00   -8.1278e-02    2.9451e-03
  359.5    1.3833e+00    1.5131e+00   -8.5742e-02   -5.8935e-03