0.1  225  0.492201589
21.8  225  0.492201589
0.2  225  0.4157162533
21.9  225  0.492201589
0.3  225  0.4158749259
22.0  225  0.492201589
0.4  225  0.4161089189
22.1  225  0.492201589
0.5  225  0.416447825
22.2  225  0.492201589
0.6  225  0.4161335283
22.3  225  0.492201589
0.7  225  0.4164794185
22.4  225  0.492201589
0.8  225  0.4170262409
22.5  225  0.492201589
0.9  225  0.4173485822
22.6  225  0.492201589
1.0  225  0.4176094911
22.7  225  0.492201589
1.1  225  0.4180215817
22.8  225  0.492201589
1.2  225  0.4182281787
22.9  225  0.492201589
1.3  225  0.4182631629
23.0  225  0.492201589
1.4  225  0.4184151118
23.1  225  0.492201589
1.5  225  0.4188245434
23.2  225  0.492201589
1.6  225  0.419103324
23.3  225  0.492201589
1.7  225  0.4194010091
23.4  225  0.492201589
1.8  225  0.4195720581
23.5  225  0.492201589
1.9  225  0.4198893991
23.6  225  0.492201589
2.0  225  0.4201589532
23.7  225  0.492201589
2.1  225  0.420360818
23.8  225  0.492201589
2.2  225  0.4204906712
23.9  225  0.492201589
2.3  225  0.4207261152
24.0  225  0.492201589
2.4  225  0.4211772008
24.1  225  0.492201589
2.5  225  0.42121084
24.2  225  0.492201589
2.6  225  0.4216530456
24.3  225  0.492201589
2.7  225  0.422040739
24.4  225  0.492201589
2.8  225  0.4224526807
24.5  225  0.492201589
2.9  225  0.422808567
24.6  225  0.492201589
3.0  225  0.423012407
24.7  225  0.492201589
3.1  225  0.423446502
24.8  225  0.492201589
3.2  225  0.4237627084
24.9  225  0.492201589
3.3  225  0.4240740318
25.0  225  0.492201589
3.4  225  0.4242253537
25.1  225  0.492201589
3.5  225  0.4244318177
25.2  225  0.492201589
3.6  225  0.4247012837
25.3  225  0.492201589
3.7  225  0.4249080093
25.4  225  0.492201589
3.8  225  0.4252960313
25.5  225  0.492201589
3.9  225  0.4254832884
25.6  225  0.492201589
4.0  225  0.4259870106
25.7  225  0.492201589
4.1  225  0.4264720066
25.8  225  0.492201589
4.2  225  0.42662633
25.9  225  0.492201589
4.3  225  0.4270246699
26.0  225  0.492201589
4.4  225  0.4273906375
26.1  225  0.492201589
4.5  225  0.4281014231
26.2  225  0.492201589
4.6  225  0.4284577253
26.3  225  0.492201589
4.7  225  0.4290941476
26.4  225  0.492201589
4.8  225  0.4292900194
26.5  225  0.492201589
4.9  225  0.4288268489
26.6  225  0.492201589
5.0  225  0.4304229437
26.7  225  0.492201589
5.1  225  0.4308790922
26.8  225  0.492201589
5.2  225  0.4312155226
26.9  225  0.492201589
5.3  225  0.4314764211
27.0  225  0.492201589
5.4  225  0.4318252557
27.1  225  0.492201589
5.5  225  0.4318317778
27.2  225  0.492201589
5.6  225  0.4324211297
27.3  225  0.492201589
5.7  225  0.433099101
27.4  225  0.492201589
5.8  225  0.433436977
27.5  225  0.492201589
5.9  225  0.4340037752
27.6  225  0.492201589
6.0  225  0.4346495282
27.7  225  0.492201589
6.1  225  0.4351916201
27.8  225  0.492201589
6.2  225  0.4353805717
27.9  225  0.492201589
28.0  225  0.492201589
6.3  225  0.4357827832
28.1  225  0.492201589
6.4  225  0.4363985265
6.5  225  0.4365814235
28.2  225  0.492201589
6.6  225  0.436827511
28.3  225  0.492201589
6.7  225  0.437186523
28.4  225  0.492201589
6.8  225  0.4376611757
28.5  225  0.492201589
6.9  225  0.4380613733
28.6  225  0.492201589
7.0  225  0.4383646388
7.1  225  0.4386082035
28.7  225  0.492201589
28.8  225  0.492201589
7.2  225  0.492201589
28.9  225  0.492201589
7.3  225  0.4394923974
29.0  225  0.492201589
7.4  225  0.4399315428
29.1  225  0.492201589
7.5  225  0.4405710466
29.2  225  0.492201589
29.3  225  0.492201589
7.6  225  0.4406632599
29.4  225  0.492201589
7.7  225  0.4410143781
29.5  225  0.492201589
7.8  225  0.4412734235
29.6  225  0.492201589
7.9  225  0.4421464491
29.7  225  0.492201589
8.0  225  0.4423305115
29.8  225  0.492201589
8.1  225  0.4427727456
8.2  225  0.443249736
29.9  225  0.492201589
8.3  225  0.4433615186
30.0  225  0.492201589
8.4  225  0.4437652409
8.5  225  0.4441482462
8.6  225  0.444588051
8.7  225  0.445034278
8.8  225  0.4452957746
8.9  225  0.4455341298
9.0  225  0.4459752138
9.1  225  0.4463730515
9.2  225  0.4467524925
9.3  225  0.4473516871
9.4  225  0.4476327993
9.5  225  0.4479792644
9.6  225  0.4484001801
9.7  225  0.4492845716
9.8  225  0.4497660381
9.9  225  0.4502425809
10.0  225  0.4507155918
10.1  225  0.4510256282
10.2  225  0.4516830172
10.3  225  0.4522574892
10.4  225  0.4526878499
10.5  225  0.4529771768
10.6  225  0.453475002
10.7  225  0.4541777845
10.8  225  0.4546108847
10.9  225  0.4550530206
11.0  225  0.455548912
11.1  225  0.4558507702
11.2  225  0.4559950597
11.3  225  0.4562627773
11.4  225  0.4564535436
11.5  225  0.4571831752
11.6  225  0.4575532222
11.7  225  0.4578973678
11.8  225  0.4579555454
11.9  225  0.4587072341
12.0  225  0.458979844
12.1  225  0.4594764188
12.2  225  0.4598333666
12.3  225  0.4601915158
12.4  225  0.460508048
12.5  225  0.4608028723
12.6  225  0.4611619633
12.7  225  0.461788599
12.8  225  0.4623490674
12.9  225  0.4627781371
13.0  225  0.4631989389
13.1  225  0.4635098575
13.2  225  0.4640332669
13.3  225  0.4638955102
13.4  225  0.4641654604
13.5  225  0.4647325786
13.6  225  0.465546536
13.7  225  0.4660094032
13.8  225  0.4661886111
13.9  225  0.4666226748
14.0  225  0.467077632
14.1  225  0.4675627103
14.2  225  0.4676954771
14.3  225  0.4677329078
14.4  225  0.4677545637
14.5  225  0.468370482
14.6  225  0.4687694823
14.7  225  0.4691284164
14.8  225  0.46980144
14.9  225  0.4703864076
15.0  225  0.4707617326
15.1  225  0.4710738998
15.2  225  0.471297942
15.3  225  0.4721460994
15.4  225  0.4724594287
15.5  225  0.472690947
15.6  225  0.4732779974
15.7  225  0.4738324626
15.8  225  0.473883896
15.9  225  0.4745402903
16.0  225  0.4748464123
16.1  225  0.475265171
16.2  225  0.4756077521
16.3  225  0.4759392123
16.4  225  0.4764054735
16.5  225  0.4768808905
16.6  225  0.4772506812
16.7  225  0.4780953258
16.8  225  0.4783885462
16.9  225  0.4790254784
17.0  225  0.4794473809
17.1  225  0.4798316176
17.2  225  0.4803630645
17.3  225  0.4806768358
17.4  225  0.4815798752
17.5  225  0.4821137378
17.6  225  0.4822651346
17.7  225  0.4824366495
17.8  225  0.4830438007
17.9  225  0.4835326013
18.0  225  0.4838508865
18.1  225  0.4842626508
18.2  225  0.4848172027
18.3  225  0.485024024
18.4  225  0.4855083913
18.5  225  0.4856749853
18.6  225  0.4860284317
18.7  225  0.4865439667
18.8  225  0.4869122473
18.9  225  0.4870377034
19.0  225  0.4873703887
19.1  225  0.4879742703
19.2  225  0.4886679299
19.3  225  0.4888644182
19.4  225  0.4895114656
19.5  225  0.4898313265
19.6  225  0.4901872847
19.7  225  0.4906481782
19.8  225  0.4912082425
19.9  225  0.4916955123
20.0  225  0.492201589
20.1  225  0.492201589
20.2  225  0.492201589
20.3  225  0.492201589
20.4  225  0.492201589
20.5  225  0.492201589
20.6  225  0.492201589
20.7  225  0.492201589
20.8  225  0.492201589
20.9  225  0.492201589
21.0  225  0.492201589
21.1  225  0.492201589
21.2  225  0.492201589
21.3  225  0.492201589
21.4  225  0.492201589
21.5  225  0.492201589
21.6  225  0.492201589
21.7  225  0.492201589
21.8  225  0.492201589
21.9  225  0.492201589
22.0  225  0.492201589
22.1  225  0.492201589
22.2  225  0.492201589
22.3  225  0.492201589
22.4  225  0.492201589
22.5  225  0.492201589
22.6  225  0.492201589
22.7  225  0.492201589
22.8  225  0.492201589
22.9  225  0.492201589
23.0  225  0.492201589
23.1  225  0.492201589
23.2  225  0.492201589
23.3  225  0.492201589
23.4  225  0.492201589
23.5  225  0.492201589
23.6  225  0.492201589
23.7  225  0.492201589
23.8  225  0.492201589
23.9  225  0.492201589
24.0  225  0.492201589
24.1  225  0.492201589
24.2  225  0.492201589
24.3  225  0.492201589
24.4  225  0.492201589
24.5  225  0.492201589
24.6  225  0.492201589
24.7  225  0.492201589
24.8  225  0.492201589
24.9  225  0.492201589
25.0  225  0.492201589
25.1  225  0.492201589
25.2  225  0.492201589
25.3  225  0.492201589
25.4  225  0.492201589
25.5  225  0.492201589
25.6  225  0.492201589
25.7  225  0.492201589
25.8  225  0.492201589
25.9  225  0.492201589
26.0  225  0.492201589
26.1  225  0.492201589
26.2  225  0.492201589
26.3  225  0.492201589
26.4  225  0.492201589
26.5  225  0.492201589
26.6  225  0.492201589
26.7  225  0.492201589
26.8  225  0.492201589
26.9  225  0.492201589
27.0  225  0.492201589
27.1  225  0.492201589
27.2  225  0.492201589
27.3  225  0.492201589
27.4  225  0.492201589
27.5  225  0.492201589
27.6  225  0.492201589
27.7  225  0.492201589
27.8  225  0.492201589
27.9  225  0.492201589
28.0  225  0.492201589
28.1  225  0.492201589
28.2  225  0.492201589
28.3  225  0.492201589
28.4  225  0.492201589
28.5  225  0.492201589
28.6  225  0.492201589
28.7  225  0.492201589
28.8  225  0.492201589
28.9  225  0.492201589
29.0  225  0.492201589
29.1  225  0.492201589
29.2  225  0.492201589
29.3  225  0.492201589
29.4  225  0.492201589
29.5  225  0.492201589
29.6  225  0.492201589
29.7  225  0.492201589
29.8  225  0.492201589
29.9  225  0.492201589
30.0  225  0.492201589
