189 l(A)
  1  1        0.000000       0.000000       0.000000
  2  1       -0.000001       0.000001       2.910000
  3  1       -0.000001       0.000001       5.820000
  4  1       -0.000002       0.000002       8.730000
  5  1       -0.000001       2.910000       0.000000
  6  1       -0.000001       2.910001       2.910000
  7  1       -0.000002       2.910001       5.820000
  8  1       -0.000003       2.910002       8.730000
  9  1       -0.000001       5.820000       0.000000
 10  1       -0.000002       5.820001       2.910000
 11  1       -0.000003       5.820001       5.820000
 12  1       -0.000004       5.820002       8.730000
 13  1       -0.000002       8.730000       0.000000
 14  1       -0.000003       8.730001       2.910000
 15  1       -0.000004       8.730001       5.820000
 16  1       -0.000004       8.730002       8.730000
 17  1        2.910000       0.000000       0.000000
 18  1        2.909999       0.000001       2.910000
 19  1        2.909999       0.000001       5.820000
 20  1        2.909998       0.000002       8.730000
 21  1        2.909999       2.910000       0.000000
 22  1        2.909999       2.910001       2.910000
 23  1        2.909998       2.910001       5.820000
 24  1        2.909997       2.910002       8.730000
 25  1        2.909999       5.820000       0.000000
 26  1        2.909998       5.820001       2.910000
 27  1        2.909997       5.820001       5.820000
 28  1        2.909996       5.820002       8.730000
 29  1        2.909998       8.730000       0.000000
 30  1        2.909997       8.730001       2.910000
 31  1        2.909996       8.730001       5.820000
 32  1        2.909996       8.730002       8.730000
 33  1        5.820000       0.000000       0.000000
 34  1        5.819999       0.000001       2.910000
 35  1        5.819999       0.000001       5.820000
 36  1        5.819998       0.000002       8.730000
 37  1        5.819999       2.910000       0.000000
 38  1        5.819999       2.910001       2.910000
 39  1        5.819998       2.910001       5.820000
 40  1        5.819997       2.910002       8.730000
 41  1        5.819999       5.820000       0.000000
 42  1        5.819998       5.820001       2.910000
 43  1        5.819997       5.820001       5.820000
 44  1        5.819996       5.820002       8.730000
 45  1        5.819998       8.730000       0.000000
 46  1        5.819997       8.730001       2.910000
 47  1        5.819996       8.730001       5.820000
 48  1        5.819996       8.730002       8.730000
 49  1        8.730000       0.000000       0.000000
 50  1        8.729999       0.000001       2.910000
 51  1        8.729999       0.000001       5.820000
 52  1        8.729998       0.000002       8.730000
 53  1        8.729999       2.910000       0.000000
 54  1        8.729999       2.910001       2.910000
 55  1        8.729998       2.910001       5.820000
 56  1        8.729997       2.910002       8.730000
 57  1        8.729999       5.820000       0.000000
 58  1        8.729998       5.820001       2.910000
 59  1        8.729997       5.820001       5.820000
 60  1        8.729996       5.820002       8.730000
 61  1        8.729998       8.730000       0.000000
 62  1        8.729997       8.730001       2.910000
 63  1        8.729996       8.730001       5.820000
 64  1        8.729996       8.730002       8.730000
 65  1        1.454999       1.455000       1.455000
 66  1        1.454999       1.455001       4.365000
 67  1        1.454998       1.455002       7.275000
 68  1        1.454997       1.455002      10.185000
 69  1        1.454999       4.365000       1.455000
 70  1        1.454998       4.365001       4.365000
 71  1        1.454997       4.365002       7.275000
 72  1        1.454996       4.365002      10.185000
 73  1        1.454998       7.275000       1.455000
 74  1        1.454997       7.275001       4.365000
 75  1        1.454996       7.275002       7.275000
 76  1        1.454996       7.275002      10.185000
 77  1        1.454997      10.185000       1.455000
 78  1        1.454996      10.185001       4.365000
 79  1        1.454996      10.185002       7.275000
 80  1        1.454995      10.185002      10.185000
 81  1        4.364999       1.455000       1.455000
 82  1        4.364999       1.455001       4.365000
 83  1        4.364998       1.455002       7.275000
 84  1        4.364997       1.455002      10.185000
 85  1        4.364999       4.365000       1.455000
 86  1        4.364998       4.365001       4.365000
 87  1        4.364997       4.365002       7.275000
 88  1        4.364996       4.365002      10.185000
 89  1        4.364998       7.275000       1.455000
 90  1        4.364997       7.275001       4.365000
 91  1        4.364996       7.275002       7.275000
 92  1        4.364996       7.275002      10.185000
 93  1        4.364997      10.185000       1.455000
 94  1        4.364996      10.185001       4.365000
 95  1        4.364996      10.185002       7.275000
 96  1        4.364995      10.185002      10.185000
 97  1        7.274999       1.455000       1.455000
 98  1        7.274999       1.455001       4.365000
 99  1        7.274998       1.455002       7.275000
100  1        7.274997       1.455002      10.185000
101  1        7.274999       4.365000       1.455000
102  1        7.274998       4.365001       4.365000
103  1        7.274997       4.365002       7.275000
104  1        7.274996       4.365002      10.185000
105  1        7.274998       7.275000       1.455000
106  1        7.274997       7.275001       4.365000
107  1        7.274996       7.275002       7.275000
108  1        7.274996       7.275002      10.185000
109  1        7.274997      10.185000       1.455000
110  1        7.274996      10.185001       4.365000
111  1        7.274996      10.185002       7.275000
112  1        7.274995      10.185002      10.185000
113  1       10.184999       1.455000       1.455000
114  1       10.184999       1.455001       4.365000
115  1       10.184998       1.455002       7.275000
116  1       10.184997       1.455002      10.185000
117  1       10.184999       4.365000       1.455000
118  1       10.184998       4.365001       4.365000
119  1       10.184997       4.365002       7.275000
120  1       10.184996       4.365002      10.185000
121  1       10.184998       7.275000       1.455000
122  1       10.184997       7.275001       4.365000
123  1       10.184996       7.275002       7.275000
124  1       10.184996       7.275002      10.185000
125  1       10.184997      10.185000       1.455000
126  1       10.184996      10.185001       4.365000
127  1       10.184996      10.185002       7.275000
128  1       10.184995      10.185002      10.185000
129  1       -0.000003       0.000003      11.640000
130  1       -0.000004       2.910003      11.640000
131  1       -0.000004       5.820003      11.640000
132  1       -0.000005       8.730003      11.640000
133  1        2.909997       0.000003      11.640000
134  1        2.909996       2.910003      11.640000
135  1        2.909996       5.820003      11.640000
136  1        2.909995       8.730003      11.640000
137  1        5.819997       0.000003      11.640000
138  1        5.819996       2.910003      11.640000
139  1        5.819996       5.820003      11.640000
140  1        5.819995       8.730003      11.640000
141  1        8.729997       0.000003      11.640000
142  1        8.729996       2.910003      11.640000
143  1        8.729996       5.820003      11.640000
144  1        8.729995       8.730003      11.640000
145  1       -0.000003      11.640000       0.000000
146  1       -0.000004      11.640001       2.910000
147  1       -0.000004      11.640001       5.820000
148  1       -0.000005      11.640002       8.730000
149  1        2.909997      11.640000       0.000000
150  1        2.909996      11.640001       2.910000
151  1        2.909996      11.640001       5.820000
152  1        2.909995      11.640002       8.730000
153  1        5.819997      11.640000       0.000000
154  1        5.819996      11.640001       2.910000
155  1        5.819996      11.640001       5.820000
156  1        5.819995      11.640002       8.730000
157  1        8.729997      11.640000       0.000000
158  1        8.729996      11.640001       2.910000
159  1        8.729996      11.640001       5.820000
160  1        8.729995      11.640002       8.730000
161  1       -0.000006      11.640003      11.640000
162  1        2.909994      11.640003      11.640000
163  1        5.819994      11.640003      11.640000
164  1        8.729994      11.640003      11.640000
165  1       11.640000       0.000000       0.000000
166  1       11.639999       0.000001       2.910000
167  1       11.639999       0.000001       5.820000
168  1       11.639998       0.000002       8.730000
169  1       11.639999       2.910000       0.000000
170  1       11.639999       2.910001       2.910000
171  1       11.639998       2.910001       5.820000
172  1       11.639997       2.910002       8.730000
173  1       11.639999       5.820000       0.000000
174  1       11.639998       5.820001       2.910000
175  1       11.639997       5.820001       5.820000
176  1       11.639996       5.820002       8.730000
177  1       11.639998       8.730000       0.000000
178  1       11.639997       8.730001       2.910000
179  1       11.639996       8.730001       5.820000
180  1       11.639996       8.730002       8.730000
181  1       11.639997       0.000003      11.640000
182  1       11.639996       2.910003      11.640000
183  1       11.639996       5.820003      11.640000
184  1       11.639995       8.730003      11.640000
185  1       11.639997      11.640000       0.000000
186  1       11.639996      11.640001       2.910000
187  1       11.639996      11.640001       5.820000
188  1       11.639995      11.640002       8.730000
189  1       11.639994      11.640003      11.640000
