                   46       11138.000       12300.333
                    48       14625.000       13092.000
                    50       13513.000       12669.000
                    52       9869.0000       9996.0000
                    54       6606.0000       6924.3333
                    56       4298.0000       4537.6667
                    58       2709.0000       2925.6667
                    60       1770.0000       2005.3333
                    62       1537.0000       1292.0000
                    64       569.00000       902.33333
                    66       601.00000       713.00000
                    68       969.00000       975.66667
                    70       1357.0000       1306.3333
                    72       1593.0000       1547.3333
                    74       1692.0000       1422.0000
                    76       981.00000       1076.3333
                    78       556.00000       838.00000
                    80       977.00000       767.66667
                    82       770.00000       866.33333
                    84       852.00000       941.33333
                    86       1202.0000       1217.0000
                    88       1597.0000       1524.3333
                    90       1774.0000       1762.0000
                    92       1915.0000       1750.6667
                    94       1563.0000       1788.0000
                    96       1886.0000       1651.0000
                    98       1504.0000       1500.3333
                   100       1111.0000       1120.6667
                   102       747.00000       1147.0000
                   104       1583.0000       1409.3333
                   106       1898.0000       2064.0000
                   108       2711.0000       2661.3333
                   110       3375.0000       3485.6667
                   112       4371.0000       4188.6667
                   114       4820.0000       4612.3333
                   116       4646.0000       4610.6667
                   118       4366.0000       4135.6667
                   120       3395.0000       3584.6667
                   122       2993.0000       2825.0000
                   124       2087.0000       2255.0000
                   126       1685.0000       1638.0000
                   128       1142.0000       1152.3333
                   130       630.00000       765.00000
                   132       523.00000       650.66667
                   134       799.00000       952.66667
                   136       1536.0000       1440.3333
                   138       1986.0000       1939.0000
                   140       2295.0000       2319.3333
                   142       2677.0000       2566.3333
                   144       2727.0000       2609.6667
                   146       2425.0000       1997.3333
                   148       840.00000       1380.3333
                   150       876.00000       688.66667
                   152       350.00000       635.33333
                   154       680.00000       673.66667
                   156       991.00000       1003.3333
                   158       1339.0000       1311.3333
                   160       1604.0000       1614.3333
                   162       1900.0000       1751.6667
                   164       1751.0000       1636.6667
                   166       1259.0000       1297.3333
                   168       882.00000       860.00000
                   170       439.00000       609.33333
                   172       507.00000       481.00000
                   174       497.00000       440.66667
                   176       318.00000       395.00000
                   178       370.00000       302.00000
--
                   46       11138.000       12300.333
                    48       14625.000       13092.000
                    50       13513.000       12669.000
                    52       9869.0000       9996.0000
                    54       6606.0000       6924.3333
                    56       4298.0000       4537.6667
                    58       2709.0000       2925.6667
                    60       1770.0000       2005.3333
                    62       1537.0000       1292.0000
                    64       569.00000       902.33333
                    66       601.00000       713.00000
                    68       969.00000       975.66667
                    70       1357.0000       1306.3333
                    72       1593.0000       1547.3333
                    74       1692.0000       1422.0000
                    76       981.00000       1076.3333
                    78       556.00000       838.00000
                    80       977.00000       767.66667
                    82       770.00000       866.33333
                    84       852.00000       941.33333
                    86       1202.0000       1217.0000
                    88       1597.0000       1524.3333
                    90       1774.0000       1762.0000
                    92       1915.0000       1750.6667
                    94       1563.0000       1788.0000
                    96       1886.0000       1651.0000
                    98       1504.0000       1500.3333
                   100       1111.0000       1120.6667
                   102       747.00000       1147.0000
                   104       1583.0000       1409.3333
                   106       1898.0000       2064.0000
                   108       2711.0000       2661.3333
                   110       3375.0000       3485.6667
                   112       4371.0000       4188.6667
                   114       4820.0000       4612.3333
                   116       4646.0000       4610.6667
                   118       4366.0000       4135.6667
                   120       3395.0000       3584.6667
                   122       2993.0000       2825.0000
                   124       2087.0000       2255.0000
                   126       1685.0000       1638.0000
                   128       1142.0000       1152.3333
                   130       630.00000       765.00000
                   132       523.00000       650.66667
                   134       799.00000       952.66667
                   136       1536.0000       1440.3333
                   138       1986.0000       1939.0000
                   140       2295.0000       2319.3333
                   142       2677.0000       2566.3333
                   144       2727.0000       2609.6667
                   146       2425.0000       1997.3333
                   148       840.00000       1380.3333
                   150       876.00000       688.66667
                   152       350.00000       635.33333
                   154       680.00000       673.66667
                   156       991.00000       1003.3333
                   158       1339.0000       1311.3333
                   160       1604.0000       1614.3333
                   162       1900.0000       1751.6667
                   164       1751.0000       1636.6667
                   166       1259.0000       1297.3333
                   168       882.00000       860.00000
                   170       439.00000       609.33333
                   172       507.00000       481.00000
                   174       497.00000       440.66667
                   176       318.00000       395.00000
                   178       370.00000       302.00000




