0.0  110  0.3266175429
0.1  110  0.3269567668
0.2  110  0.327299947
0.3  110  0.327671832
0.4  110  0.3279793124
0.5  110  0.3282725179
0.6  110  0.3287912614
0.7  110  0.3290309714
0.8  110  0.329424777
0.9  110  0.3295537931
1.0  110  0.329765757
1.1  110  0.329915579
1.2  110  0.3300690619
1.3  110  0.3302625407
1.4  110  0.3306141956
1.5  110  0.3307787759
1.6  110  0.3308818732
1.7  110  0.3312050581
1.8  110  0.3315477778
1.9  110  0.3320103061
2.0  110  0.3323148128
2.1  110  0.3325461598
2.2  110  0.3325461598
2.3  110  0.333184918
2.4  110  0.3335025492
2.5  110  0.3339535874
2.6  110  0.3342330461
2.7  110  0.3343467553
2.8  110  0.3347480114
2.9  110  0.3349956406
3.0  110  0.3352019738
3.1  110  0.335707342
3.2  110  0.3359823997
3.3  110  0.33625766
3.4  110  0.3366939791
3.5  110  0.3370873125
3.6  110  0.337473842
3.7  110  0.3376116611
3.8  110  0.3376787236
3.9  110  0.337947656
4.0  110  0.3384632163
4.1  110  0.3389497214
4.2  110  0.33898593
4.3  110  0.3393232838
4.4  110  0.3399453026
4.5  110  0.3400935585
4.6  110  0.3406394112
4.7  110  0.3409187371
4.8  110  0.3412388685
4.9  110  0.3416591839
5.0  110  0.3417746166
5.1  110  0.3420638466
5.2  110  0.3421710468
5.3  110  0.3425333975
5.4  110  0.3430958186
5.5  110  0.3433870284
5.6  110  0.3438397722
5.7  110  0.3442002077
5.8  110  0.3447760865
5.9  110  0.3453307152
6.0  110  0.3457870982
6.1  110  0.3461707101
6.2  110  0.3464821098
6.3  110  0.3467767783
6.4  110  0.3471696685
6.5  110  0.3473565273
6.6  110  0.3481567389
6.7  110  0.3482537022
6.8  110  0.348657931
6.9  110  0.34925921
7.0  110  0.3495881738
7.1  110  0.3501486635
7.2  110  0.3501504415
7.3  110  0.3508059679
7.4  110  0.3511576617
7.5  110  0.3519244306
7.6  110  0.3519736866
7.7  110  0.3525891456
7.8  110  0.3532686358
7.9  110  0.3538475281
8.0  110  0.3541482838
8.1  110  0.3545803353
8.2  110  0.3551923256
8.3  110  0.3555462128
8.4  110  0.3559158114
8.5  110  0.3559812665
8.6  110  0.3562708795
8.7  110  0.3565995796
8.8  110  0.3570328702
8.9  110  0.3572535152
9.0  110  0.3578503298
9.1  110  0.3584060041
9.2  110  0.3588787431
9.3  110  0.3591543114
9.4  110  0.3597258924
9.5  110  0.3599241958
9.6  110  0.360169411
9.7  110  0.360711335
9.8  110  0.3608952696
9.9  110  0.3614870825
10.0  110  0.3619488017
10.1  110  0.3623273877
10.2  110  0.362991424
10.3  110  0.3633100118
10.4  110  0.3636391834
10.5  110  0.3641032535
10.6  110  0.364530163
10.7  110  0.3651689863
10.8  110  0.3654351083
10.9  110  0.3658199892
11.0  110  0.3664644741
11.1  110  0.366943185
11.2  110  0.3673956337
11.3  110  0.3676968373
11.4  110  0.3681244978
11.5  110  0.3687764512
11.6  110  0.3691747485
11.7  110  0.3693939028
11.8  110  0.3698117391
11.9  110  0.3702813576
12.0  110  0.3705614872
12.1  110  0.370831295
12.2  110  0.3712845939
12.3  110  0.3717945069
12.4  110  0.3725237897
12.5  110  0.3729038258
12.6  110  0.3733684963
12.7  110  0.3735075558
12.8  110  0.374125214
12.9  110  0.3744799009
13.0  110  0.374849081
13.1  110  0.3754303171
13.2  110  0.3755272172
13.3  110  0.3761085454
13.4  110  0.3768492532
13.5  110  0.377239427
13.6  110  0.3776576556
13.7  110  0.3782673628
13.8  110  0.378888413
13.9  110  0.3793411396
14.0  110  0.3798411113
14.1  110  0.3806109413
14.2  110  0.3811230791
14.3  110  0.3817659454
14.4  110  0.3821284281
14.5  110  0.382426424
14.6  110  0.3830004755
14.7  110  0.3835315666
14.8  110  0.3839586134
14.9  110  0.3844037133
15.0  110  0.3849032375
15.1  110  0.3855221461
15.2  110  0.3859037322
15.3  110  0.3864484961
15.4  110  0.386895697
15.5  110  0.3875075213
15.6  110  0.3880360585
15.7  110  0.3883063256
15.8  110  0.3889032021
15.9  110  0.3894444655
16.0  110  0.3901214483
16.1  110  0.3908265595
16.2  110  0.3913188194
16.3  110  0.3916800744
16.4  110  0.3922416241
16.5  110  0.3927782691
16.6  110  0.393343188
16.7  110  0.3940031475
16.8  110  0.3944335763
16.9  110  0.3949583127
17.0  110  0.3956217187
17.1  110  0.3961387745
17.2  110  0.3969672445
17.3  110  0.3976099906
17.4  110  0.3982244383
17.5  110  0.3988818912
17.6  110  0.3994565457
17.7  110  0.3997136035
17.8  110  0.4001913872
17.9  110  0.4006765056
18.0  110  0.4012466053
18.1  110  0.4014906126
18.2  110  0.4023344269
18.3  110  0.4029750364
18.4  110  0.4037632275
18.5  110  0.4042955755
18.6  110  0.404927355
18.7  110  0.4053560486
18.8  110  0.4058457226
18.9  110  0.4063439951
19.0  110  0.4071059686
19.1  110  0.4076963068
19.2  110  0.4083952531
19.3  110  0.4088290471
19.4  110  0.4092887629
19.5  110  0.4100810099
19.6  110  0.4104649355
19.7  110  0.4111513266
19.8  110  0.4114909671
19.9  110  0.4120716372
20.0  110  0.412537425